2400MHz / Lb(0.50) dB
,h2(m),1000,1000,1000,1000,1000,10000,10000,10000,10000,10000,10000,20000,20000,20000,20000,20000,20000,20000
,h1(m),1.5,15,30,60,1000,1.5,15,30,60,1000,10000,1.5,15,30,60,1000,10000,20000
D (km),FSL
0,100,100,99.9,99.8,99.5,0,120.1,120.1,120.1,120,119.2,0,126.1,126.1,126.1,126.1,125.7,120.1,0
1,103,103,102.9,102.9,102.8,100.1,120.1,120.1,120,120,119.2,100.1,126.1,126.1,126.1,126.1,125.6,120.1,100.1
2,107,107,107,107,106.9,106.1,120.1,120.1,120.1,120.1,119.3,106.1,126.1,126.1,126.1,126,125.6,120.2,106.1
3,110,110.1,110,110,110,109.6,120.3,120.3,120.3,120.2,119.5,109.6,126.1,126.1,126.1,126.1,125.6,120.3,109.6
4,112.3,112.4,112.4,112.4,112.3,112.1,120.5,120.5,120.5,120.5,119.7,112.1,126.1,126.1,126.1,126.1,125.7,120.6,112.1
5,114.2,114.2,114.2,114.2,114.2,114.1,120.8,120.8,120.8,120.8,120.1,114.1,126.2,126.2,126.2,126.1,125.7,120.9,114.1
6,115.7,115.8,115.8,115.8,115.8,115.7,121.2,121.1,121.1,121.1,120.5,115.6,126.2,126.2,126.2,126.2,125.8,121.2,115.6
7,117,117.1,117.1,117.1,117.1,117,121.5,121.5,121.5,121.5,121,117,126.3,126.3,126.3,126.3,125.9,121.6,117
8,118.2,118.2,118.2,118.2,118.2,118.2,122,121.9,121.9,121.9,121.4,118.1,126.5,126.4,126.4,126.4,126.1,122,118.1
9,119.2,119.3,119.2,119.2,119.2,119.2,122.4,122.4,122.4,122.4,121.9,119.2,126.6,126.6,126.6,126.6,126.2,122.5,119.2
10,120.1,120.2,120.2,120.2,120.2,120.1,122.8,122.8,122.8,122.8,122.4,120.1,126.7,126.7,126.7,126.7,126.4,122.9,120.1
11,120.9,121,121,121,121,120.9,123.3,123.3,123.3,123.3,122.9,120.9,126.9,126.9,126.9,126.9,126.6,123.3,120.9
12,121.7,121.7,121.7,121.7,121.7,121.7,123.7,123.7,123.7,123.7,123.4,121.7,127.1,127.1,127.1,127,126.7,123.8,121.7
13,122.4,122.4,122.4,122.4,122.4,122.4,124.2,124.2,124.2,124.2,123.9,122.4,127.3,127.2,127.2,127.2,127,124.2,122.4
14,123,123.1,123.1,123.1,123.1,123,124.6,124.6,124.6,124.6,124.3,123,127.4,127.4,127.4,127.4,127.2,124.6,123
15,123.6,123.7,123.7,123.7,123.7,123.7,125,125,125,125,124.8,123.6,127.7,127.7,127.6,127.6,127.4,125,123.6
16,124.2,124.3,124.3,124.3,124.3,124.2,125.4,125.4,125.4,125.4,125.2,124.2,127.9,127.9,127.9,127.9,127.6,125.4,124.2
17,124.7,124.8,124.8,124.8,124.8,124.7,125.8,125.8,125.8,125.8,125.6,124.7,128.1,128.1,128.1,128.1,127.8,125.8,124.7
18,125.2,125.3,125.3,125.3,125.3,125.2,126.2,126.2,126.2,126.2,126,125.2,128.3,128.3,128.3,128.3,128.1,126.2,125.2
19,125.6,125.8,125.8,125.8,125.8,125.7,126.6,126.6,126.6,126.6,126.4,125.7,128.5,128.5,128.5,128.5,128.3,126.6,125.7
20,126.1,126.2,126.2,126.2,126.2,126.2,127,127,127,127,126.8,126.1,128.8,128.8,128.8,128.7,128.5,126.9,126.1
21,126.5,126.6,126.6,126.6,126.6,126.6,127.3,127.3,127.3,127.3,127.2,126.5,129,129,129,129,128.8,127.3,126.5
22,126.9,127.1,127.1,127.1,127.1,127,127.7,127.7,127.7,127.7,127.5,126.9,129.2,129.2,129.2,129.2,129,127.6,126.9
23,127.3,127.4,127.4,127.4,127.4,127.4,128,128,128,128,127.9,127.3,129.4,129.4,129.4,129.4,129.3,127.9,127.3
24,127.7,127.8,127.8,127.8,127.8,127.8,128.3,128.3,128.3,128.3,128.2,127.7,129.7,129.7,129.7,129.7,129.5,128.3,127.7
25,128,128.2,128.2,128.2,128.2,128.1,128.7,128.7,128.6,128.6,128.5,128,129.9,129.9,129.9,129.9,129.7,128.6,128
26,128.4,128.5,128.5,128.5,128.5,128.5,129,129,129,129,128.9,128.4,130.1,130.1,130.1,130.1,130,128.9,128.4
27,128.7,128.9,128.9,128.9,128.9,128.8,129.3,129.3,129.3,129.2,129.2,128.7,130.3,130.3,130.3,130.3,130.2,129.2,128.7
28,129,129.2,129.2,129.2,129.2,129.1,129.5,129.5,129.5,129.5,129.4,129,130.6,130.6,130.6,130.5,130.4,129.4,129
29,129.3,129.5,129.5,129.5,129.5,129.4,129.8,129.8,129.8,129.8,129.7,129.3,130.8,130.8,130.8,130.8,130.6,129.7,129.3
30,129.6,129.8,129.8,129.8,129.8,129.7,130.1,130.1,130.1,130.1,130,129.6,131,131,131,131,130.9,130,129.6
31,129.9,130.1,130.1,130.1,130.1,130,130.4,130.4,130.4,130.4,130.3,129.9,131.2,131.2,131.2,131.2,131.1,130.2,129.9
32,130.2,130.4,130.4,130.4,130.4,130.3,130.6,130.6,130.6,130.6,130.5,130.2,131.4,131.4,131.4,131.4,131.3,130.5,130.2
33,130.4,130.6,130.6,130.6,130.6,130.6,130.9,130.9,130.9,130.9,130.8,130.5,131.6,131.6,131.6,131.6,131.5,130.7,130.4
34,130.7,130.9,130.9,130.9,130.9,130.8,131.1,131.1,131.1,131.1,131,130.7,131.8,131.8,131.8,131.8,131.7,131,130.7
35,130.9,131.1,131.1,131.1,131.1,131.1,131.4,131.3,131.3,131.3,131.3,131,132,132,132,132,131.9,131.2,131
36,131.2,131.4,131.4,131.4,131.4,131.3,131.6,131.6,131.6,131.6,131.5,131.2,132.2,132.2,132.2,132.2,132.1,131.5,131.2
37,131.4,131.6,131.6,131.6,131.6,131.6,131.8,131.8,131.8,131.8,131.7,131.5,132.4,132.4,132.4,132.4,132.3,131.7,131.4
38,131.7,131.9,131.9,131.9,131.9,131.8,132,132,132,132,132,131.7,132.6,132.6,132.6,132.6,132.5,131.9,131.7
39,131.9,132.1,132.1,132.1,132.1,132.1,132.3,132.3,132.2,132.2,132.2,131.9,132.8,132.8,132.8,132.8,132.7,132.1,131.9
40,132.1,132.3,132.3,132.3,132.3,132.3,132.5,132.5,132.5,132.5,132.4,132.1,133,133,133,133,132.9,132.3,132.1
41,132.3,132.5,132.5,132.5,132.5,132.5,132.7,132.7,132.7,132.7,132.6,132.3,133.1,133.1,133.1,133.1,133.1,132.5,132.3
42,132.5,132.7,132.8,132.8,132.8,132.7,132.9,132.9,132.9,132.9,132.8,132.6,133.3,133.3,133.3,133.3,133.2,132.7,132.5
43,132.7,133,133,133,133,132.9,133.1,133.1,133.1,133.1,133,132.8,133.5,133.5,133.5,133.5,133.4,132.9,132.7
44,132.9,133.2,133.2,133.2,133.2,133.1,133.3,133.3,133.3,133.3,133.2,133,133.7,133.7,133.7,133.7,133.6,133.1,132.9
45,133.1,133.4,133.4,133.4,133.4,133.3,133.5,133.5,133.5,133.5,133.4,133.2,133.8,133.8,133.8,133.8,133.8,133.3,133.1
46,133.3,133.5,133.6,133.6,133.6,133.5,133.6,133.6,133.6,133.6,133.6,133.4,134,134,134,134,133.9,133.5,133.3
47,133.5,133.7,133.7,133.8,133.8,133.7,133.8,133.8,133.8,133.8,133.8,133.5,134.2,134.2,134.2,134.2,134.1,133.7,133.5
48,133.7,133.9,133.9,133.9,133.9,133.9,134,134,134,134,134,133.7,134.3,134.3,134.3,134.3,134.3,133.8,133.7
49,133.9,134.1,134.1,134.1,134.1,134.1,134.2,134.2,134.2,134.2,134.1,133.9,134.5,134.5,134.5,134.5,134.4,134,133.9
50,134,134.3,134.3,134.3,134.3,134.3,134.4,134.4,134.4,134.4,134.3,134.1,134.7,134.7,134.7,134.6,134.6,134.2,134.1
51,134.2,134.5,134.5,134.5,134.5,134.4,134.5,134.5,134.5,134.5,134.5,134.2,134.8,134.8,134.8,134.8,134.7,134.4,134.2
52,134.4,134.6,134.6,134.6,134.7,134.6,134.7,134.7,134.7,134.7,134.7,134.4,135,135,135,135,134.9,134.5,134.4
53,134.5,134.8,134.8,134.8,134.8,134.8,134.9,134.9,134.9,134.9,134.8,134.6,135.1,135.1,135.1,135.1,135,134.7,134.6
54,134.7,135,135,135,135,134.9,135,135,135,135,135,134.7,135.3,135.3,135.3,135.3,135.2,134.8,134.7
55,134.9,135.1,135.1,135.1,135.1,135.1,135.2,135.2,135.2,135.2,135.1,134.9,135.4,135.4,135.4,135.4,135.3,135,134.9
56,135,135.3,135.3,135.3,135.3,135.3,135.3,135.3,135.3,135.3,135.3,135.1,135.6,135.5,135.5,135.5,135.5,135.2,135
57,135.2,135.4,135.4,135.5,135.5,135.4,135.5,135.5,135.5,135.5,135.4,135.2,135.7,135.7,135.7,135.7,135.6,135.3,135.2
58,135.3,135.6,135.6,135.6,135.6,135.6,135.6,135.6,135.6,135.6,135.6,135.4,135.8,135.8,135.8,135.8,135.8,135.5,135.3
59,135.5,135.7,135.7,135.8,135.8,135.7,135.8,135.8,135.8,135.8,135.7,135.5,136,136,136,136,135.9,135.6,135.5
60,135.6,135.9,135.9,135.9,135.9,135.9,135.9,135.9,135.9,135.9,135.9,135.7,136.1,136.1,136.1,136.1,136.1,135.7,135.6
61,135.8,136,136,136,136.1,136,136.1,136.1,136.1,136.1,136,135.8,136.2,136.2,136.2,136.2,136.2,135.9,135.8
62,135.9,136.2,136.2,136.2,136.2,136.2,136.2,136.2,136.2,136.2,136.2,136,136.4,136.4,136.4,136.4,136.3,136,135.9
63,136,136.3,136.3,136.3,136.3,136.3,136.4,136.4,136.4,136.4,136.3,136.1,136.5,136.5,136.5,136.5,136.5,136.2,136.1
64,136.2,136.4,136.5,136.5,136.5,136.5,136.5,136.5,136.5,136.5,136.5,136.2,136.6,136.6,136.6,136.6,136.6,136.3,136.2
65,136.3,136.6,136.6,136.6,136.6,136.6,136.6,136.6,136.6,136.6,136.6,136.4,136.8,136.8,136.8,136.8,136.7,136.4,136.3
66,136.4,136.7,136.7,136.7,136.8,136.7,136.8,136.8,136.8,136.8,136.7,136.5,136.9,136.9,136.9,136.9,136.8,136.6,136.5
67,136.6,136.8,136.9,136.9,136.9,136.9,136.9,136.9,136.9,136.9,136.9,136.6,137,137,137,137,137,136.7,136.6
68,136.7,137,137,137,137,137,137,137,137,137,137,136.8,137.1,137.1,137.1,137.1,137.1,136.8,136.7
69,136.8,137.1,137.1,137.1,137.1,137.1,137.2,137.2,137.2,137.2,137.1,136.9,137.3,137.3,137.3,137.3,137.2,136.9,136.8
70,137,137.2,137.2,137.3,137.3,137.3,137.3,137.3,137.3,137.3,137.2,137,137.4,137.4,137.4,137.4,137.3,137.1,137
71,137.1,137.3,137.4,137.4,137.4,137.4,137.4,137.4,137.4,137.4,137.4,137.1,137.5,137.5,137.5,137.5,137.4,137.2,137.1
72,137.2,137.4,137.5,137.5,137.5,137.5,137.5,137.5,137.5,137.5,137.5,137.3,137.6,137.6,137.6,137.6,137.6,137.3,137.2
73,137.3,137.6,137.6,137.6,137.6,137.6,137.7,137.7,137.7,137.7,137.6,137.4,137.7,137.7,137.7,137.7,137.7,137.4,137.3
74,137.4,137.7,137.7,137.7,137.8,137.8,137.8,137.8,137.8,137.8,137.7,137.5,137.8,137.8,137.8,137.8,137.8,137.5,137.5
75,137.6,137.8,137.8,137.9,137.9,137.9,137.9,137.9,137.9,137.9,137.9,137.6,138,137.9,137.9,137.9,137.9,137.7,137.6
76,137.7,137.9,137.9,138,138,138,138,138,138,138,138,137.7,138.1,138.1,138.1,138.1,138,137.8,137.7
77,137.8,138,138.1,138.1,138.1,138.1,138.1,138.1,138.1,138.1,138.1,137.8,138.2,138.2,138.2,138.2,138.1,137.9,137.8
78,137.9,138.1,138.2,138.2,138.2,138.2,138.2,138.2,138.2,138.2,138.2,138,138.3,138.3,138.3,138.3,138.2,138,137.9
79,138,138.2,138.3,138.3,138.3,138.4,138.4,138.4,138.4,138.4,138.3,138.1,138.4,138.4,138.4,138.4,138.3,138.1,138
80,138.1,138.3,138.4,138.4,138.4,138.5,138.5,138.5,138.5,138.5,138.4,138.2,138.5,138.5,138.5,138.5,138.5,138.2,138.1
81,138.2,138.6,138.5,138.5,138.5,138.6,138.6,138.6,138.6,138.6,138.5,138.3,138.6,138.6,138.6,138.6,138.6,138.3,138.2
82,138.3,138.9,138.6,138.6,138.7,138.7,138.7,138.7,138.7,138.7,138.6,138.4,138.7,138.7,138.7,138.7,138.7,138.4,138.3
83,138.4,139.3,138.7,138.7,138.8,138.8,138.8,138.8,138.8,138.8,138.7,138.5,138.8,138.8,138.8,138.8,138.8,138.5,138.5
84,138.5,139.6,138.8,138.8,138.9,138.9,138.9,138.9,138.9,138.9,138.9,138.6,138.9,138.9,138.9,138.9,138.9,138.6,138.6
85,138.6,139.9,138.9,138.9,139,139,139,139,139,139,139,138.7,139,139,139,139,139,138.7,138.7
86,138.7,140.2,139,139,139.1,139.1,139.1,139.1,139.1,139.1,139.1,138.8,139.1,139.1,139.1,139.1,139.1,138.8,138.8
87,138.8,140.5,139.1,139.1,139.2,139.2,139.2,139.2,139.2,139.2,139.2,138.9,139.2,139.2,139.2,139.2,139.2,138.9,138.9
88,138.9,140.9,139.3,139.2,139.3,139.3,139.3,139.3,139.3,139.3,139.3,139,139.3,139.3,139.3,139.3,139.3,139,139
89,139,141.2,139.5,139.3,139.4,139.4,139.4,139.4,139.4,139.4,139.4,139.1,139.4,139.4,139.4,139.4,139.4,139.1,139.1
90,139.1,141.5,139.6,139.4,139.5,139.5,139.5,139.5,139.5,139.5,139.5,139.2,139.5,139.5,139.5,139.5,139.5,139.2,139.2
91,139.2,141.9,139.8,139.6,139.5,139.6,139.6,139.6,139.6,139.6,139.6,139.3,139.6,139.6,139.6,139.6,139.5,139.3,139.3
92,139.3,142.2,140,139.7,139.6,139.7,139.7,139.7,139.7,139.7,139.7,139.4,139.7,139.7,139.7,139.7,139.6,139.4,139.3
93,139.4,142.5,140.1,139.9,139.7,139.8,139.8,139.8,139.8,139.8,139.8,139.5,139.8,139.8,139.8,139.8,139.7,139.5,139.4
94,139.5,142.9,140.3,140.1,139.8,139.9,139.9,139.9,139.9,139.9,139.9,139.6,139.9,139.9,139.9,139.9,139.8,139.6,139.5
95,139.6,143.2,140.5,140.2,139.9,140,140,140,140,140,140,139.7,140,140,140,140,139.9,139.7,139.6
96,139.7,143.6,140.6,140.4,140.1,140.1,140.1,140.1,140.1,140.1,140,139.8,140.1,140.1,140,140,140,139.8,139.7
97,139.8,143.9,140.8,140.6,140.2,140.2,140.2,140.2,140.2,140.2,140.1,139.9,140.1,140.1,140.1,140.1,140.1,139.9,139.8
98,139.9,144.3,141,140.7,140.4,140.3,140.3,140.3,140.3,140.3,140.2,140,140.2,140.2,140.2,140.2,140.2,140,139.9
99,140,144.6,141.1,140.9,140.6,140.4,140.4,140.4,140.4,140.4,140.3,140,140.3,140.3,140.3,140.3,140.3,140,140
100,140.1,145,141.3,141,140.7,140.5,140.5,140.5,140.5,140.5,140.4,140.1,140.4,140.4,140.4,140.4,140.4,140.1,140.1
101,140.1,145.4,141.5,141.2,140.9,140.5,140.5,140.5,140.5,140.5,140.5,140.2,140.5,140.5,140.5,140.5,140.4,140.2,140.2
102,140.2,145.8,141.6,141.4,141,140.6,140.6,140.6,140.6,140.6,140.6,140.3,140.6,140.6,140.6,140.6,140.5,140.3,140.2
103,140.3,146.2,141.8,141.5,141.2,140.7,140.7,140.7,140.7,140.7,140.7,140.4,140.7,140.7,140.7,140.7,140.6,140.4,140.3
104,140.4,146.5,142,141.7,141.3,140.8,140.8,140.8,140.8,140.8,140.8,140.5,140.7,140.7,140.7,140.7,140.7,140.5,140.4
105,140.5,147,142.1,141.8,141.5,140.9,140.9,140.9,140.9,140.9,140.8,140.6,140.8,140.8,140.8,140.8,140.8,140.6,140.5
106,140.6,147.4,142.3,142,141.6,141,141,141,141,141,140.9,140.6,140.9,140.9,140.9,140.9,140.9,140.6,140.6
107,140.6,147.8,142.5,142.2,141.8,141.1,141.1,141.1,141.1,141.1,141,140.7,141,141,141,141,140.9,140.7,140.7
108,140.7,148.2,142.6,142.3,141.9,141.1,141.1,141.1,141.1,141.1,141.1,140.8,141.1,141.1,141.1,141.1,141,140.8,140.7
109,140.8,148.7,142.8,142.5,142.1,141.2,141.2,141.2,141.2,141.2,141.2,140.9,141.2,141.1,141.1,141.1,141.1,140.9,140.8
110,140.9,149.1,142.9,142.6,142.2,141.3,141.3,141.3,141.3,141.3,141.3,141,141.2,141.2,141.2,141.2,141.2,141,140.9
111,141,149.6,143.1,142.8,142.4,141.4,141.4,141.4,141.4,141.4,141.3,141,141.3,141.3,141.3,141.3,141.3,141,141
112,141,150.1,143.3,142.9,142.5,141.5,141.5,141.5,141.5,141.5,141.4,141.1,141.4,141.4,141.4,141.4,141.3,141.1,141.1
113,141.1,150.6,143.4,143.1,142.7,141.5,141.6,141.6,141.6,141.6,141.5,141.2,141.5,141.5,141.5,141.5,141.4,141.2,141.1
114,141.2,151.1,143.6,143.3,142.8,141.6,141.6,141.6,141.6,141.6,141.6,141.3,141.5,141.5,141.5,141.5,141.5,141.3,141.2
115,141.3,151.6,143.7,143.4,143,141.7,141.7,141.7,141.7,141.7,141.7,141.3,141.6,141.6,141.6,141.6,141.6,141.3,141.3
116,141.3,152.1,143.9,143.6,143.1,141.8,141.8,141.8,141.8,141.8,141.7,141.4,141.7,141.7,141.7,141.7,141.6,141.4,141.4
117,141.4,152.7,144.1,143.7,143.3,141.9,141.9,141.9,141.9,141.9,141.8,141.5,141.8,141.8,141.8,141.8,141.7,141.5,141.4
118,141.5,153.3,144.2,143.9,143.4,141.9,141.9,141.9,141.9,141.9,141.9,141.6,141.8,141.8,141.8,141.8,141.8,141.6,141.5
119,141.6,153.9,144.4,144,143.6,142,142,142,142,142,142,141.6,141.9,141.9,141.9,141.9,141.9,141.6,141.6
120,141.6,154.5,144.5,144.2,143.7,142.1,142.1,142.1,142.1,142.1,142,141.7,142,142,142,142,141.9,141.7,141.7
121,141.7,155.2,144.7,144.3,143.9,142.2,142.2,142.2,142.2,142.2,142.1,141.8,142.1,142.1,142.1,142.1,142,141.8,141.7
122,141.8,155.7,144.8,144.5,144,142.2,142.3,142.3,142.2,142.2,142.2,141.9,142.1,142.1,142.1,142.1,142.1,141.9,141.8
123,141.9,156.2,145,144.6,144.2,142.3,142.3,142.3,142.3,142.3,142.3,141.9,142.2,142.2,142.2,142.2,142.2,141.9,141.9
124,141.9,156.7,145.2,144.8,144.3,142.4,142.4,142.4,142.4,142.4,142.3,142,142.3,142.3,142.3,142.3,142.2,142,141.9
125,142,157.2,145.3,144.9,144.5,142.4,142.5,142.5,142.5,142.5,142.4,142.1,142.3,142.3,142.3,142.3,142.3,142.1,142
126,142.1,157.7,145.5,145.1,144.6,142.5,142.5,142.5,142.5,142.5,142.5,142.1,142.4,142.4,142.4,142.4,142.4,142.1,142.1
127,142.1,158.2,145.6,145.3,144.8,142.6,142.6,142.6,142.6,142.6,142.6,142.2,142.5,142.5,142.5,142.5,142.4,142.2,142.1
128,142.2,158.7,145.8,145.4,144.9,142.7,142.7,142.7,142.7,142.7,142.6,142.3,142.6,142.6,142.6,142.6,142.5,142.3,142.2
129,142.3,159.3,145.9,145.6,145.1,142.7,142.8,142.8,142.8,142.8,142.7,142.4,142.6,142.6,142.6,142.6,142.6,142.3,142.3
130,142.3,159.8,146.1,145.7,145.2,142.8,142.8,142.8,142.8,142.8,142.8,142.4,142.7,142.7,142.7,142.7,142.6,142.4,142.3
131,142.4,160.3,146.2,145.9,145.4,142.9,142.9,142.9,142.9,142.9,142.8,142.5,142.8,142.8,142.8,142.8,142.7,142.5,142.4
132,142.5,160.8,146.4,146,145.5,142.9,143,143,143,143,142.9,142.6,142.8,142.8,142.8,142.8,142.8,142.5,142.5
133,142.5,161.2,146.6,146.2,145.7,143,143,143,143,143,143,142.6,142.9,142.9,142.9,142.9,142.8,142.6,142.5
134,142.6,161.7,146.8,146.4,145.8,143.1,143.1,143.1,143.1,143.1,143,142.7,143,143,143,143,142.9,142.7,142.6
135,142.7,162.3,146.9,146.5,146,143.1,143.2,143.2,143.2,143.2,143.1,142.8,143,143,143,143,143,142.7,142.7
136,142.7,162.7,147,146.6,146.1,143.2,143.2,143.2,143.2,143.2,143.2,142.8,143.1,143.1,143.1,143.1,143,142.8,142.7
137,142.8,163.2,147.2,146.8,146.2,143.3,143.3,143.3,143.3,143.3,143.2,142.9,143.2,143.2,143.2,143.2,143.1,142.9,142.8
138,142.9,163.7,147.3,146.9,146.4,143.3,143.4,143.4,143.4,143.4,143.3,142.9,143.2,143.2,143.2,143.2,143.2,142.9,142.9
139,142.9,164.2,147.5,147.1,146.5,143.4,143.4,143.4,143.4,143.4,143.4,143,143.3,143.3,143.3,143.3,143.2,143,142.9
140,143,165.1,147.6,147.2,146.7,143.4,143.5,143.5,143.5,143.5,143.4,143.1,143.3,143.3,143.3,143.3,143.3,143.1,143
141,143,166.4,148,147.3,146.8,143.5,143.6,143.6,143.6,143.6,143.5,143.1,143.4,143.4,143.4,143.4,143.4,143.1,143
142,143.1,167.6,148.8,147.5,146.9,143.6,143.6,143.6,143.6,143.6,143.6,143.2,143.5,143.5,143.5,143.5,143.4,143.2,143.1
143,143.1,168.9,149.7,147.6,147.1,143.6,143.7,143.7,143.7,143.7,143.6,143.3,143.5,143.5,143.5,143.5,143.5,143.2,143.2
144,143.2,170.1,150.5,147.8,147.2,143.7,143.8,143.8,143.8,143.8,143.7,143.3,143.6,143.6,143.6,143.6,143.6,143.3,143.2
145,143.2,171.4,151.4,147.9,147.4,143.8,143.8,143.8,143.8,143.8,143.8,143.4,143.7,143.7,143.7,143.7,143.6,143.4,143.3
146,143.3,172.7,152.2,148.1,147.5,143.9,143.9,143.9,143.9,143.9,143.8,143.4,143.7,143.7,143.7,143.7,143.7,143.4,143.4
147,143.4,173.9,153.1,148.2,147.6,144,144,144,144,143.9,143.9,143.5,143.8,143.8,143.8,143.8,143.7,143.5,143.4
148,143.4,175.2,154,148.3,147.8,144.1,144,144,144,144,144,143.6,143.8,143.8,143.8,143.8,143.8,143.5,143.5
149,143.5,176.4,154.8,148.5,147.9,144.2,144.1,144.1,144.1,144.1,144,143.6,143.9,143.9,143.9,143.9,143.9,143.6,143.5
150,143.5,177.7,155.7,148.6,148,144.3,144.1,144.1,144.1,144.1,144.1,143.7,144,144,144,144,143.9,143.7,143.6
151,143.6,178.9,156.6,149.6,148.2,144.4,144.2,144.2,144.2,144.2,144.1,143.7,144,144,144,144,144,143.7,143.6
152,143.7,180.2,157.8,150.5,148.3,144.5,144.3,144.3,144.3,144.3,144.2,143.8,144.1,144.1,144.1,144.1,144,143.8,143.7
153,143.7,181.4,159.1,151.5,148.4,144.6,144.3,144.3,144.3,144.3,144.3,143.8,144.1,144.1,144.1,144.1,144.1,143.8,143.8
154,143.8,182.7,160.3,152.4,148.6,144.7,144.4,144.4,144.4,144.4,144.3,143.9,144.2,144.2,144.2,144.2,144.1,143.9,143.8
155,143.8,183.9,161.6,153.4,148.7,144.8,144.4,144.4,144.4,144.4,144.4,144,144.3,144.3,144.3,144.3,144.2,143.9,143.9
156,143.9,185.2,162.8,154.4,148.8,144.9,144.5,144.5,144.5,144.5,144.4,144,144.3,144.3,144.3,144.3,144.3,144,143.9
157,143.9,186.4,164.1,155.3,149,145,144.6,144.6,144.6,144.6,144.5,144.1,144.4,144.4,144.4,144.4,144.3,144.1,144
158,144,187.7,165.4,156.4,149.1,145.1,144.6,144.6,144.6,144.6,144.5,144.1,144.4,144.4,144.4,144.4,144.4,144.1,144
159,144,189,166.6,157.6,149.2,145.2,144.7,144.7,144.7,144.7,144.6,144.2,144.5,144.5,144.5,144.5,144.4,144.2,144.1
160,144.1,190.2,167.9,158.9,149.4,145.3,144.7,144.7,144.7,144.7,144.7,144.2,144.5,144.5,144.5,144.5,144.5,144.2,144.1
161,144.2,190.7,169.1,160.1,149.5,145.4,144.8,144.8,144.8,144.8,144.7,144.3,144.6,144.6,144.6,144.6,144.5,144.3,144.2
162,144.2,191,170.4,161.4,150.4,145.5,144.8,144.8,144.8,144.8,144.8,144.3,144.6,144.6,144.6,144.6,144.6,144.3,144.3
163,144.3,191.3,171.6,162.6,151.4,145.6,144.9,144.9,144.9,144.9,144.8,144.4,144.7,144.7,144.7,144.7,144.7,144.4,144.3
164,144.3,191.5,172.9,163.9,152.5,145.7,145,145,145,145,144.9,144.5,144.8,144.8,144.8,144.8,144.7,144.4,144.4
165,144.4,191.8,174.1,165.1,153.5,145.8,145,145,145,145,144.9,144.5,144.8,144.8,144.8,144.8,144.8,144.5,144.4
166,144.4,192,175.4,166.4,154.5,145.9,145.1,145.1,145.1,145.1,145,144.6,144.9,144.9,144.9,144.9,144.8,144.5,144.5
167,144.5,192.3,176.3,167.6,155.6,146,145.1,145.1,145.1,145.1,145.1,144.6,144.9,144.9,144.9,144.9,144.9,144.6,144.5
168,144.5,192.5,176.9,168.9,156.7,146.1,145.2,145.2,145.2,145.2,145.1,144.7,145,145,145,145,144.9,144.6,144.6
169,144.6,192.7,177.5,170.1,158,146.2,145.2,145.2,145.2,145.2,145.2,144.7,145,145,145,145,145,144.7,144.6
170,144.6,192.9,178.1,171.4,159.2,146.3,145.3,145.3,145.3,145.3,145.2,144.8,145.1,145.1,145.1,145.1,145,144.8,144.7
171,144.7,193.1,178.6,172.6,160.4,146.4,145.3,145.3,145.3,145.3,145.3,144.8,145.1,145.1,145.1,145.1,145.1,144.8,144.7
172,144.7,193.3,179.1,173.4,161.7,146.5,145.4,145.4,145.4,145.4,145.3,144.9,145.2,145.2,145.2,145.2,145.1,144.9,144.8
173,144.8,193.5,179.6,174.2,162.9,146.6,145.4,145.4,145.4,145.4,145.4,144.9,145.2,145.2,145.2,145.2,145.2,144.9,144.8
174,144.8,193.7,180.1,174.9,164.1,146.8,145.5,145.5,145.5,145.5,145.4,145,145.3,145.3,145.3,145.3,145.2,145,144.9
175,144.9,193.9,180.6,175.6,165.4,146.8,145.6,145.6,145.6,145.6,145.5,145,145.3,145.3,145.3,145.3,145.3,145,144.9
176,144.9,194.1,181,176.2,166.6,146.9,145.6,145.6,145.6,145.6,145.5,145.1,145.4,145.4,145.4,145.4,145.3,145.1,145
177,145,194.3,181.4,176.8,167.8,147,145.7,145.7,145.7,145.7,145.6,145.1,145.4,145.4,145.4,145.4,145.4,145.1,145
178,145,194.5,181.8,177.4,169,147.1,145.7,145.7,145.7,145.7,145.6,145.2,145.5,145.5,145.5,145.5,145.4,145.2,145.1
179,145.1,194.7,182.2,178,170.1,147.2,145.8,145.8,145.8,145.8,145.7,145.2,145.5,145.5,145.5,145.5,145.5,145.2,145.1
180,145.1,194.8,182.6,178.5,171.1,147.3,145.8,145.8,145.8,145.8,145.7,145.3,145.6,145.6,145.6,145.6,145.5,145.2,145.2
181,145.2,195,183,179.1,172,147.4,145.9,145.9,145.9,145.9,145.8,145.3,145.6,145.6,145.6,145.6,145.6,145.3,145.2
182,145.2,195.2,183.4,179.6,172.8,147.5,145.9,145.9,145.9,145.9,145.8,145.4,145.7,145.7,145.7,145.7,145.6,145.3,145.3
183,145.3,195.4,183.7,180,173.6,147.6,146,146,146,146,145.9,145.4,145.7,145.7,145.7,145.7,145.7,145.4,145.3
184,145.3,195.5,184.1,180.5,174.4,147.7,146,146,146,146,145.9,145.5,145.8,145.8,145.8,145.8,145.7,145.4,145.4
185,145.4,195.7,184.4,180.9,175.1,147.8,146.1,146.1,146.1,146.1,146,145.5,145.8,145.8,145.8,145.8,145.8,145.5,145.4
186,145.4,195.8,184.7,181.4,175.8,147.9,146.1,146.1,146.1,146.1,146,145.6,145.9,145.9,145.9,145.9,145.8,145.5,145.4
187,145.5,196,185.1,181.8,176.5,148,146.2,146.2,146.2,146.2,146.1,145.6,145.9,145.9,145.9,145.9,145.9,145.6,145.5
188,145.5,196.1,185.4,182.2,177.1,148.1,146.2,146.2,146.2,146.2,146.1,145.6,146,146,146,146,145.9,145.6,145.5
189,145.6,196.3,185.7,182.6,177.7,148.2,146.3,146.3,146.3,146.3,146.2,145.7,146,146,146,146,146,145.7,145.6
190,145.6,196.4,186,183,178.2,148.3,146.3,146.3,146.3,146.3,146.2,145.7,146.1,146.1,146.1,146.1,146,145.7,145.6
191,145.6,196.6,186.3,183.3,178.8,148.4,146.4,146.4,146.4,146.4,146.3,145.8,146.1,146.1,146.1,146.1,146.1,145.8,145.7
192,145.7,196.7,186.6,183.7,179.3,148.5,146.4,146.4,146.4,146.4,146.3,145.8,146.2,146.2,146.2,146.2,146.1,145.8,145.7
193,145.7,196.9,186.8,184.1,179.8,148.6,146.4,146.4,146.4,146.4,146.3,145.9,146.2,146.2,146.2,146.2,146.2,145.9,145.8
194,145.8,197,187.1,184.4,180.3,148.7,146.5,146.5,146.5,146.5,146.4,145.9,146.3,146.3,146.3,146.3,146.2,145.9,145.8
195,145.8,197.2,187.4,184.7,180.7,148.8,146.5,146.5,146.5,146.5,146.4,146,146.3,146.3,146.3,146.3,146.3,145.9,145.9
196,145.9,197.3,187.7,185.1,181.2,148.9,146.6,146.6,146.6,146.6,146.5,146,146.4,146.4,146.4,146.4,146.3,146,145.9
197,145.9,197.4,187.9,185.4,181.6,149,146.6,146.6,146.6,146.6,146.5,146.1,146.4,146.4,146.4,146.4,146.4,146,145.9
198,146,197.6,188.2,185.7,182,149.1,146.7,146.7,146.7,146.7,146.6,146.1,146.5,146.5,146.5,146.5,146.4,146.1,146
199,146,197.7,188.4,186,182.4,149.2,146.7,146.7,146.7,146.7,146.6,146.1,146.5,146.5,146.5,146.5,146.4,146.1,146
200,146,197.8,188.7,186.3,182.8,149.3,146.8,146.8,146.8,146.8,146.7,146.2,146.5,146.5,146.5,146.5,146.5,146.2,146.1
201,146.1,198,188.9,186.6,183.2,149.4,146.8,146.8,146.8,146.8,146.7,146.2,146.6,146.6,146.6,146.6,146.5,146.2,146.1
202,146.1,198.1,189.1,186.9,183.6,149.5,146.8,146.8,146.8,146.8,146.7,146.3,146.6,146.6,146.6,146.6,146.6,146.2,146.2
203,146.2,198.2,189.4,187.1,183.9,149.6,146.9,146.9,146.9,146.9,146.8,146.3,146.7,146.7,146.7,146.7,146.6,146.3,146.2
204,146.2,198.4,189.6,187.4,184.3,149.7,146.9,146.9,146.9,146.9,146.8,146.4,146.7,146.7,146.7,146.7,146.7,146.3,146.2
205,146.3,198.5,189.8,187.7,184.6,149.8,147,147,147,147,146.9,146.4,146.8,146.8,146.8,146.8,146.7,146.4,146.3
206,146.3,198.6,190.1,188,185,149.9,147,147,147,147,146.9,146.4,146.8,146.8,146.8,146.8,146.8,146.4,146.3
207,146.3,198.7,190.3,188.2,185.3,150,147,147,147,147,147,146.5,146.9,146.9,146.9,146.9,146.8,146.5,146.4
208,146.4,198.9,190.5,188.5,185.6,150.1,147.1,147.1,147.1,147.1,147,146.5,146.9,146.9,146.9,146.9,146.8,146.5,146.4
209,146.4,199,190.7,188.7,185.9,150.2,147.1,147.1,147.1,147.1,147,146.6,146.9,146.9,146.9,146.9,146.9,146.5,146.5
210,146.5,199.1,190.9,189,186.2,150.3,147.2,147.2,147.2,147.2,147.1,146.6,147,147,147,147,146.9,146.6,146.5
211,146.5,199.2,191.1,189.2,186.5,150.4,147.2,147.2,147.2,147.2,147.1,146.7,147,147,147,147,147,146.6,146.5
212,146.6,199.3,191.3,189.4,186.8,150.5,147.2,147.2,147.2,147.2,147.2,146.7,147.1,147.1,147.1,147.1,147,146.7,146.6
213,146.6,199.5,191.5,189.7,187.1,150.5,147.3,147.3,147.3,147.3,147.2,146.7,147.1,147.1,147.1,147.1,147.1,146.7,146.6
214,146.6,199.6,191.7,189.9,187.4,150.6,147.3,147.3,147.3,147.3,147.2,146.8,147.2,147.2,147.2,147.2,147.1,146.7,146.7
215,146.7,199.7,191.9,190.1,187.7,150.7,147.3,147.3,147.3,147.3,147.3,146.8,147.2,147.2,147.2,147.2,147.1,146.8,146.7
216,146.7,199.8,192.1,190.3,187.9,150.8,147.4,147.4,147.4,147.4,147.3,146.9,147.2,147.2,147.2,147.2,147.2,146.8,146.7
217,146.8,199.9,192.3,190.6,188.2,150.9,147.4,147.4,147.4,147.4,147.4,146.9,147.3,147.3,147.3,147.3,147.2,146.9,146.8
218,146.8,200,192.5,190.8,188.5,151,147.4,147.5,147.5,147.5,147.4,146.9,147.3,147.3,147.3,147.3,147.3,146.9,146.8
219,146.8,200.1,192.7,191,188.7,151.1,147.5,147.5,147.5,147.5,147.5,147,147.4,147.4,147.4,147.4,147.3,146.9,146.9
220,146.9,200.3,192.9,191.2,189,151.2,147.5,147.5,147.5,147.5,147.5,147,147.4,147.4,147.4,147.4,147.3,147,146.9
221,146.9,200.4,193,191.4,189.2,151.3,147.5,147.6,147.6,147.6,147.5,147.1,147.5,147.5,147.5,147.5,147.4,147,146.9
222,147,200.5,193.2,191.6,189.4,151.4,147.6,147.6,147.6,147.6,147.6,147.1,147.5,147.5,147.5,147.5,147.4,147.1,147
223,147,200.6,193.4,191.8,189.7,151.5,147.6,147.6,147.6,147.6,147.6,147.1,147.5,147.5,147.5,147.5,147.5,147.1,147
224,147,200.7,193.6,192,189.9,151.6,147.7,147.7,147.7,147.7,147.7,147.2,147.6,147.6,147.6,147.6,147.5,147.1,147.1
225,147.1,200.8,193.8,192.2,190.1,151.7,147.7,147.7,147.7,147.7,147.7,147.2,147.6,147.6,147.6,147.6,147.6,147.2,147.1
226,147.1,200.9,193.9,192.4,190.4,151.8,147.7,147.7,147.7,147.8,147.7,147.3,147.7,147.7,147.7,147.7,147.6,147.2,147.1
227,147.1,201,194.1,192.6,190.6,151.9,147.8,147.8,147.8,147.8,147.8,147.3,147.7,147.7,147.7,147.7,147.6,147.2,147.2
228,147.2,201.1,194.3,192.8,190.8,151.9,147.8,147.8,147.8,147.8,147.8,147.3,147.7,147.7,147.7,147.7,147.7,147.3,147.2
229,147.2,201.3,194.4,193,191,152,147.8,147.8,147.9,147.9,147.8,147.4,147.8,147.8,147.8,147.8,147.7,147.3,147.2
230,147.3,201.4,194.6,193.1,191.2,152.1,147.9,147.9,147.9,147.9,147.9,147.4,147.8,147.8,147.8,147.8,147.8,147.4,147.3
231,147.3,201.5,194.8,193.3,191.4,152.2,147.9,147.9,147.9,147.9,147.9,147.4,147.9,147.9,147.9,147.9,147.8,147.4,147.3
232,147.3,201.6,194.9,193.5,191.6,152.3,147.9,148,148,148,148,147.5,147.9,147.9,147.9,147.9,147.8,147.4,147.4
233,147.4,201.7,195.1,193.7,191.8,152.4,148,148,148,148,148,147.5,147.9,147.9,147.9,147.9,147.9,147.5,147.4
234,147.4,201.8,195.3,193.9,192,152.5,148,148,148,148,148,147.6,148,148,148,148,147.9,147.5,147.4
235,147.4,201.9,195.4,194,192.2,152.6,148,148.1,148.1,148.1,148.1,147.6,148,148,148,148,148,147.5,147.5
236,147.5,202,195.6,194.2,192.4,152.7,148.1,148.1,148.1,148.1,148.1,147.6,148.1,148.1,148.1,148.1,148,147.6,147.5
237,147.5,202.1,195.7,194.4,192.6,152.8,148.2,148.1,148.1,148.2,148.2,147.7,148.1,148.1,148.1,148.1,148,147.6,147.5
238,147.6,202.2,195.9,194.5,192.8,152.9,148.3,148.2,148.2,148.2,148.2,147.7,148.1,148.1,148.1,148.1,148.1,147.7,147.6
239,147.6,202.3,196,194.7,193,152.9,148.4,148.2,148.2,148.2,148.2,147.7,148.2,148.2,148.2,148.2,148.1,147.7,147.6
240,147.6,202.4,196.2,194.9,193.2,153,148.4,148.3,148.3,148.3,148.3,147.8,148.2,148.2,148.2,148.2,148.1,147.7,147.6
241,147.7,202.5,196.4,195,193.4,153.1,148.5,148.4,148.3,148.3,148.3,147.8,148.3,148.3,148.3,148.2,148.2,147.8,147.7
242,147.7,202.6,196.5,195.2,193.6,153.2,148.6,148.4,148.4,148.3,148.3,147.8,148.3,148.3,148.3,148.3,148.2,147.8,147.7
243,147.7,202.7,196.7,195.4,193.8,153.3,148.7,148.5,148.4,148.4,148.4,147.9,148.3,148.3,148.3,148.3,148.3,147.8,147.8
244,147.8,202.8,196.8,195.5,193.9,153.4,148.7,148.6,148.5,148.4,148.4,147.9,148.4,148.4,148.4,148.4,148.3,147.9,147.8
245,147.8,203,197,195.7,194.1,153.5,148.8,148.7,148.6,148.5,148.5,148,148.4,148.4,148.4,148.4,148.3,147.9,147.8
246,147.8,203.1,197.1,195.9,194.3,153.6,148.9,148.7,148.7,148.5,148.5,148,148.4,148.4,148.4,148.4,148.4,147.9,147.9
247,147.9,203.2,197.2,196,194.5,153.6,149,148.8,148.7,148.6,148.5,148,148.5,148.5,148.5,148.5,148.4,148,147.9
248,147.9,203.3,197.4,196.2,194.6,153.7,149,148.9,148.8,148.7,148.6,148.1,148.5,148.5,148.5,148.5,148.4,148,147.9
249,148,203.4,197.5,196.3,194.8,153.8,149.1,149,148.9,148.8,148.6,148.1,148.6,148.6,148.6,148.6,148.5,148,148
250,148,203.5,197.7,196.5,195,153.9,149.2,149,148.9,148.8,148.6,148.1,148.6,148.6,148.6,148.6,148.5,148.1,148
251,148,203.6,197.8,196.6,195.1,154,149.3,149.1,149,148.9,148.7,148.2,148.6,148.6,148.6,148.6,148.6,148.1,148
252,148.1,203.7,198,196.8,195.3,154.1,149.3,149.2,149.1,149,148.7,148.2,148.7,148.7,148.7,148.7,148.6,148.2,148.1
253,148.1,203.8,198.1,196.9,195.5,154.2,149.4,149.3,149.2,149,148.7,148.2,148.7,148.7,148.7,148.7,148.6,148.2,148.1
254,148.1,203.9,198.3,197.1,195.6,154.2,149.5,149.3,149.2,149.1,148.8,148.3,148.7,148.7,148.7,148.7,148.7,148.2,148.1
255,148.2,204,198.4,197.2,195.8,154.3,149.6,149.4,149.3,149.2,148.8,148.3,148.8,148.8,148.8,148.8,148.7,148.3,148.2
256,148.2,204.1,198.5,197.4,195.9,154.4,149.6,149.5,149.4,149.2,148.9,148.3,148.8,148.8,148.8,148.8,148.7,148.3,148.2
257,148.2,204.2,198.7,197.5,196.1,154.5,149.7,149.5,149.4,149.3,148.9,148.4,148.8,148.8,148.8,148.8,148.8,148.3,148.2
258,148.3,204.3,198.8,197.7,196.3,154.6,149.8,149.6,149.5,149.4,148.9,148.4,148.9,148.9,148.9,148.9,148.8,148.4,148.3
259,148.3,204.4,199,197.8,196.4,154.7,149.9,149.7,149.6,149.4,149,148.4,148.9,148.9,148.9,148.9,148.8,148.4,148.3
260,148.3,204.5,199.1,198,196.6,154.8,149.9,149.7,149.6,149.5,149,148.5,149,149,149,148.9,148.9,148.4,148.3
261,148.4,204.6,199.2,198.1,196.7,154.8,150,149.8,149.7,149.6,149,148.5,149,149,149,149,148.9,148.5,148.4
262,148.4,204.7,199.4,198.3,196.9,154.9,150.1,149.9,149.8,149.6,149.1,148.5,149,149,149,149,148.9,148.5,148.4
263,148.4,204.8,199.5,198.4,197,155,150.1,150,149.9,149.7,149.1,148.6,149.1,149.1,149.1,149.1,149,148.5,148.4
264,148.5,204.9,199.7,198.6,197.2,155.1,150.2,150,149.9,149.8,149.1,148.6,149.1,149.1,149.1,149.1,149,148.6,148.5
265,148.5,205,199.8,198.7,197.3,155.2,150.3,150.1,150,149.8,149.2,148.6,149.1,149.1,149.1,149.1,149.1,148.6,148.5
266,148.5,205.1,199.9,198.8,197.5,156,150.3,150.2,150.1,149.9,149.2,148.7,149.2,149.2,149.2,149.2,149.1,148.6,148.5
267,148.6,205.2,200.1,199,197.6,157.5,150.4,150.2,150.1,150,149.2,148.7,149.2,149.2,149.2,149.2,149.1,148.7,148.6
268,148.6,205.3,200.2,199.1,197.8,159,150.5,150.3,150.2,150,149.3,148.7,149.2,149.2,149.2,149.2,149.2,148.7,148.6
269,148.6,205.5,200.3,199.3,197.9,160.6,150.6,150.4,150.3,150.1,149.3,148.8,149.3,149.3,149.3,149.3,149.2,148.7,148.6
270,148.7,205.6,200.5,199.4,198.1,161.5,150.6,150.4,150.3,150.2,149.3,148.8,149.3,149.3,149.3,149.3,149.2,148.7,148.7
271,148.7,205.7,200.6,199.5,198.2,162.4,150.7,150.5,150.4,150.2,149.4,148.8,149.3,149.3,149.3,149.3,149.3,148.8,148.7
272,148.7,205.8,200.7,199.7,198.4,163.2,150.8,150.6,150.5,150.3,149.4,148.9,149.4,149.4,149.4,149.4,149.3,148.8,148.7
273,148.8,205.9,200.9,199.8,198.5,164.1,150.8,150.6,150.5,150.4,149.4,148.9,149.4,149.4,149.4,149.4,149.3,148.8,148.8
274,148.8,206,201,200,198.7,165,150.9,150.7,150.6,150.4,149.5,148.9,149.4,149.4,149.4,149.4,149.4,148.9,148.8
275,148.8,206.1,201.1,200.1,198.8,165.9,151,150.8,150.7,150.5,149.5,149,149.5,149.5,149.5,149.5,149.4,148.9,148.8
276,148.8,206.2,201.3,200.2,199,166.8,151,150.8,150.7,150.6,149.5,149,149.5,149.5,149.5,149.5,149.4,148.9,148.8
277,148.9,206.3,201.4,200.4,199.1,167.7,151.1,150.9,150.8,150.6,149.6,149,149.5,149.5,149.5,149.5,149.5,149,148.9
278,148.9,206.4,201.5,200.5,199.2,168.5,151.2,151,150.9,150.7,149.6,149.1,149.6,149.6,149.6,149.6,149.5,149,148.9
279,148.9,206.5,201.7,200.6,199.4,169.4,151.2,151,150.9,150.8,149.6,149.1,149.6,149.6,149.6,149.6,149.5,149,148.9
280,149,206.6,201.8,200.8,199.5,170.7,151.3,151.1,151,150.8,149.7,149.1,149.6,149.6,149.6,149.6,149.6,149.1,149
281,149,206.7,201.9,200.9,199.7,171.8,151.4,151.2,151.1,150.9,149.7,149.1,149.7,149.7,149.7,149.7,149.6,149.1,149
282,149,206.8,202,201,199.8,172.8,151.5,151.2,151.1,151,149.7,149.2,149.7,149.7,149.7,149.7,149.6,149.1,149
283,149.1,206.9,202.2,201.2,199.9,173.8,151.5,151.3,151.2,151,149.8,149.2,149.7,149.7,149.7,149.7,149.7,149.2,149.1
284,149.1,207,202.3,201.3,200.1,174.7,151.6,151.4,151.3,151.1,149.8,149.2,149.8,149.8,149.8,149.8,149.7,149.2,149.1
285,149.1,207.1,202.4,201.4,200.2,175.6,151.7,151.5,151.3,151.2,149.8,149.3,149.8,149.8,149.8,149.8,149.7,149.2,149.1
286,149.2,207.2,202.6,201.6,200.4,176.4,151.7,151.5,151.4,151.2,149.9,149.3,149.8,149.8,149.8,149.8,149.8,149.2,149.2
287,149.2,207.3,202.7,201.7,200.5,177.1,151.8,151.6,151.5,151.3,149.9,149.3,149.9,149.9,149.9,149.9,149.8,149.3,149.2
288,149.2,207.4,202.8,201.8,200.6,177.8,151.9,151.6,151.5,151.4,150,149.4,149.9,149.9,149.9,149.9,149.8,149.3,149.2
289,149.2,207.5,203,202,200.8,178.5,151.9,151.7,151.6,151.4,150,149.4,149.9,149.9,149.9,149.9,149.8,149.3,149.2
290,149.3,207.6,203.1,202.1,200.9,179.2,152,151.8,151.7,151.5,150.1,149.4,150,150,150,150,149.9,149.4,149.3
291,149.3,207.7,203.2,202.2,201,179.8,152.1,151.8,151.7,151.6,150.1,149.5,150,150,150,150,149.9,149.4,149.3
292,149.3,207.8,203.3,202.4,201.2,180.4,152.1,151.9,151.8,151.6,150.2,149.5,150,150,150,150,149.9,149.4,149.3
293,149.4,208,203.5,202.5,201.3,180.9,152.2,152,151.9,151.7,150.2,149.5,150.1,150.1,150.1,150.1,150,149.5,149.4
294,149.4,208.1,203.6,202.6,201.4,181.4,152.3,152,151.9,151.7,150.3,149.5,150.1,150.1,150.1,150.1,150,149.5,149.4
295,149.4,208.2,203.7,202.8,201.6,181.9,152.3,152.1,152,151.8,150.4,149.6,150.1,150.1,150.1,150.1,150,149.5,149.4
296,149.5,208.3,203.9,202.9,201.7,182.4,152.4,152.2,152,151.9,150.4,149.6,150.2,150.2,150.2,150.2,150.1,149.5,149.4
297,149.5,208.4,204,203,201.8,182.9,152.5,152.2,152.1,151.9,150.5,149.6,150.2,150.2,150.2,150.2,150.1,149.6,149.5
298,149.5,208.5,204.1,203.2,202,183.4,152.5,152.3,152.2,152,150.5,149.7,150.2,150.2,150.2,150.2,150.1,149.6,149.5
299,149.5,208.6,204.2,203.3,202.1,183.8,152.6,152.4,152.2,152.1,150.6,149.7,150.2,150.2,150.2,150.2,150.2,149.6,149.5
300,149.6,208.7,204.4,203.4,202.2,184.2,152.7,152.4,152.3,152.1,150.6,149.7,150.3,150.3,150.3,150.3,150.2,149.7,149.6
301,149.6,208.8,204.5,203.5,202.4,184.6,152.7,152.5,152.4,152.2,150.7,149.7,150.3,150.3,150.3,150.3,150.2,149.7,149.6
302,149.6,208.9,204.6,203.7,202.5,185,152.8,152.6,152.4,152.3,150.7,149.8,150.3,150.3,150.3,150.3,150.2,149.7,149.6
303,149.7,209,204.7,203.8,202.6,185.4,152.9,152.6,152.5,152.3,150.8,149.8,150.4,150.4,150.4,150.4,150.3,149.7,149.6
304,149.7,209.1,204.9,203.9,202.8,185.8,152.9,152.7,152.6,152.4,150.8,149.8,150.4,150.4,150.4,150.4,150.3,149.8,149.7
305,149.7,209.2,205,204.1,202.9,186.1,153,152.8,152.6,152.4,150.9,149.9,150.4,150.4,150.4,150.4,150.3,149.8,149.7
306,149.7,209.3,205.1,204.2,203,186.5,153.1,152.8,152.7,152.5,151,149.9,150.5,150.5,150.5,150.5,150.4,149.8,149.7
307,149.8,209.4,205.2,204.3,203.2,186.8,153.1,152.9,152.8,152.6,151,149.9,150.5,150.5,150.5,150.5,150.4,149.9,149.8
308,149.8,209.5,205.4,204.5,203.3,187.2,153.2,153,152.8,152.6,151.1,149.9,150.5,150.5,150.5,150.5,150.4,149.9,149.8
309,149.8,209.6,205.5,204.6,203.4,187.5,153.3,153,152.9,152.7,151.1,150,150.5,150.5,150.5,150.5,150.5,149.9,149.8
310,149.9,209.7,205.6,204.7,203.6,187.8,153.3,153.1,153,152.8,151.2,150,150.6,150.6,150.6,150.6,150.5,149.9,149.8
311,149.9,209.8,205.7,204.8,203.7,188.1,153.4,153.2,153,152.8,151.2,150,150.6,150.6,150.6,150.6,150.5,150,149.9
312,149.9,209.9,205.9,205,203.8,188.4,153.5,153.2,153.1,152.9,151.3,150.1,150.6,150.6,150.6,150.6,150.5,150,149.9
313,149.9,210,206,205.1,204,188.7,153.5,153.3,153.1,153,151.3,150.1,150.7,150.7,150.7,150.7,150.6,150,149.9
314,150,210.2,206.1,205.2,204.1,189,153.6,153.3,153.2,153,151.4,150.1,150.7,150.7,150.7,150.7,150.6,150,149.9
315,150,210.3,206.2,205.3,204.2,189.3,153.7,153.4,153.3,153.1,151.4,150.1,150.7,150.7,150.7,150.7,150.6,150.1,150
316,150,210.4,206.4,205.5,204.3,189.6,153.7,153.5,153.3,153.1,151.5,150.2,150.7,150.7,150.7,150.7,150.6,150.1,150
317,150,210.5,206.5,205.6,204.5,189.9,153.8,153.5,153.4,153.2,151.5,150.2,150.8,150.8,150.8,150.8,150.7,150.1,150
318,150.1,210.6,206.6,205.7,204.6,190.1,153.8,153.6,153.5,153.3,151.6,150.2,150.8,150.8,150.8,150.8,150.7,150.2,150.1
319,150.1,210.7,206.7,205.8,204.7,190.4,153.9,153.7,153.5,153.3,151.7,150.2,150.8,150.8,150.8,150.8,150.7,150.2,150.1
320,150.1,210.8,206.9,206,204.9,190.7,154,153.7,153.6,153.4,151.7,150.3,150.9,150.9,150.9,150.9,150.8,150.2,150.1
321,150.2,210.9,207,206.1,205,190.9,154,153.8,153.7,153.5,151.8,150.3,150.9,150.9,150.9,150.9,150.8,150.2,150.1
322,150.2,211,207.1,206.2,205.1,191.2,154.1,153.9,153.7,153.5,151.8,150.3,150.9,150.9,150.9,150.9,150.8,150.3,150.2
323,150.2,211.1,207.2,206.3,205.2,191.4,154.2,153.9,153.8,153.6,151.9,150.4,150.9,150.9,150.9,150.9,150.8,150.3,150.2
324,150.2,211.2,207.3,206.5,205.4,191.6,154.2,154,153.8,153.6,151.9,150.4,151,151,151,151,150.9,150.3,150.2
325,150.3,211.3,207.5,206.6,205.5,191.9,154.3,154,153.9,153.7,152,150.4,151,151,151,151,150.9,150.3,150.2
326,150.3,211.4,207.6,206.7,205.6,192.1,154.4,154.1,154,153.8,152,150.4,151,151,151,151,150.9,150.4,150.3
327,150.3,211.5,207.7,206.8,205.7,192.3,154.4,154.2,154,153.8,152.1,150.5,151,151,151,151,150.9,150.4,150.3
328,150.3,211.6,207.8,207,205.9,192.6,154.5,154.2,154.1,153.9,152.1,150.5,151.1,151.1,151.1,151.1,151,150.4,150.3
329,150.4,211.7,208,207.1,206,192.8,154.6,154.3,154.2,154,152.2,150.5,151.1,151.1,151.1,151.1,151,150.4,150.3
330,150.4,211.8,208.1,207.2,206.1,193,154.6,154.4,154.2,154,152.2,150.5,151.1,151.1,151.1,151.1,151,150.5,150.4
331,150.4,211.9,208.2,207.3,206.3,193.2,154.7,154.4,154.3,154.1,152.3,150.6,151.1,151.1,151.1,151.1,151,150.5,150.4
332,150.4,212,208.3,207.5,206.4,193.4,154.7,154.5,154.3,154.1,152.4,150.6,151.2,151.2,151.2,151.2,151,150.5,150.4
333,150.5,212.1,208.4,207.6,206.5,193.6,154.8,154.6,154.4,154.2,152.4,150.6,151.2,151.2,151.2,151.2,151.1,150.6,150.4
334,150.5,212.2,208.6,207.7,206.6,193.8,154.9,154.6,154.5,154.3,152.5,150.6,151.2,151.2,151.2,151.2,151.1,150.6,150.5
335,150.5,212.3,208.7,207.8,206.8,194,154.9,154.7,154.5,154.3,152.5,150.7,151.2,151.2,151.2,151.2,151.1,150.6,150.5
336,150.6,212.4,208.8,208,206.9,194.2,155,154.7,154.6,154.4,152.6,150.7,151.3,151.3,151.3,151.3,151.1,150.6,150.5
337,150.6,212.5,208.9,208.1,207,194.4,155.1,154.8,154.7,154.4,152.6,150.7,151.3,151.3,151.3,151.3,151.2,150.7,150.5
338,150.6,212.6,209,208.2,207.1,194.6,155.1,154.9,154.7,154.5,152.7,150.7,151.3,151.3,151.3,151.3,151.2,150.7,150.6
339,150.6,212.7,209.2,208.3,207.3,194.8,155.2,154.9,154.8,154.6,152.7,150.8,151.3,151.3,151.3,151.3,151.2,150.7,150.6
340,150.7,212.8,209.3,208.4,207.4,195,155.3,155,154.8,154.6,152.8,150.8,151.3,151.3,151.3,151.3,151.2,150.7,150.6
341,150.7,212.9,209.4,208.6,207.5,195.2,155.3,155.1,154.9,154.7,152.8,150.8,151.4,151.4,151.4,151.4,151.3,150.8,150.6
342,150.7,213,209.5,208.7,207.6,195.4,155.4,155.1,155,154.8,152.9,150.8,151.4,151.4,151.4,151.4,151.3,150.8,150.7
343,150.7,213.2,209.6,208.8,207.7,195.6,155.4,155.2,155,154.8,152.9,150.9,151.4,151.4,151.4,151.4,151.3,150.8,150.7
344,150.8,213.3,209.8,208.9,207.9,195.7,155.5,155.2,155.1,154.9,153,150.9,151.4,151.4,151.4,151.4,151.3,150.8,150.7
345,150.8,213.4,209.9,209,208,195.9,155.6,155.3,155.1,154.9,153,150.9,151.4,151.4,151.4,151.4,151.3,150.9,150.7
346,150.8,213.5,210,209.2,208.1,196.1,155.6,155.4,155.2,155,153.1,150.9,151.5,151.5,151.5,151.5,151.4,150.9,150.8
347,150.8,213.6,210.1,209.3,208.2,196.3,155.7,155.4,155.3,155.1,153.2,151,151.5,151.5,151.5,151.5,151.4,150.9,150.8
348,150.9,213.7,210.2,209.4,208.4,196.5,155.8,155.5,155.3,155.1,153.2,151,151.5,151.5,151.5,151.5,151.4,150.9,150.8
349,150.9,213.8,210.3,209.5,208.5,196.6,155.8,155.5,155.4,155.2,153.3,151,151.5,151.5,151.5,151.5,151.4,151,150.8
350,150.9,213.9,210.5,209.6,208.6,196.8,155.9,155.6,155.5,155.2,153.3,151,151.5,151.5,151.5,151.5,151.5,151,150.9
351,150.9,214,210.6,209.8,208.7,197,155.9,155.7,155.5,155.3,153.4,151.1,151.5,151.6,151.6,151.6,151.5,151,150.9
352,151,214.1,210.7,209.9,208.8,197.1,156,155.7,155.6,155.4,153.4,151.1,151.6,151.6,151.6,151.6,151.5,151,150.9
353,151,214.2,210.8,210,209,197.3,156.1,155.8,155.6,155.4,153.5,151.1,151.6,151.6,151.6,151.6,151.5,151.1,150.9
354,151,214.3,210.9,210.1,209.1,197.5,156.1,155.9,155.7,155.5,153.5,151.1,151.6,151.6,151.6,151.6,151.5,151.1,151
355,151,214.4,211,210.2,209.2,197.6,156.2,155.9,155.8,155.5,153.6,151.2,151.6,151.6,151.6,151.6,151.6,151.1,151
356,151.1,214.5,211.2,210.4,209.3,197.8,156.2,156,155.8,155.6,153.6,151.2,151.6,151.6,151.6,151.7,151.6,151.1,151
357,151.1,214.6,211.3,210.5,209.5,197.9,156.3,156,155.9,155.7,153.7,151.2,151.7,151.7,151.7,151.7,151.6,151.1,151
358,151.1,214.7,211.4,210.6,209.6,198.1,156.4,156.1,155.9,155.7,153.7,151.2,151.8,151.7,151.7,151.7,151.6,151.2,151.1
359,151.1,214.8,211.5,210.7,209.7,198.3,156.4,156.2,156,155.8,153.8,151.3,151.9,151.8,151.7,151.7,151.7,151.2,151.1
360,151.1,214.9,211.6,210.8,209.8,198.4,156.5,156.2,156.1,155.8,153.8,151.3,152,151.9,151.8,151.7,151.7,151.2,151.1
361,151.2,215,211.7,210.9,209.9,198.6,156.6,156.3,156.1,155.9,153.9,151.3,152,151.9,151.9,151.8,151.7,151.2,151.1
362,151.2,215.1,211.9,211.1,210.1,198.7,156.6,156.3,156.2,156,154,151.3,152.1,152,152,151.9,151.7,151.3,151.2
363,151.2,215.2,212,211.2,210.2,198.9,156.7,156.4,156.2,156,154,151.4,152.2,152.1,152,152,151.8,151.3,151.2
364,151.2,215.3,212.1,211.3,210.3,199,156.7,156.5,156.3,156.1,154.1,151.4,152.3,152.2,152.1,152,151.8,151.3,151.2
365,151.3,215.4,212.2,211.4,210.4,199.2,156.8,156.5,156.4,156.1,154.1,151.4,152.4,152.3,152.2,152.1,151.8,151.3,151.2
366,151.3,215.5,212.3,211.5,210.5,199.3,156.9,156.6,156.4,156.2,154.2,151.4,152.4,152.3,152.3,152.2,151.8,151.4,151.2
367,151.3,215.6,212.4,211.6,210.6,199.5,156.9,156.6,156.5,156.3,154.2,151.5,152.5,152.4,152.3,152.3,151.9,151.4,151.3
368,151.3,215.7,212.5,211.8,210.8,199.6,157,156.7,156.5,156.3,154.3,151.5,152.6,152.5,152.4,152.3,151.9,151.4,151.3
369,151.4,215.8,212.7,211.9,210.9,199.8,157,156.8,156.6,156.4,154.3,151.5,152.7,152.6,152.5,152.4,151.9,151.4,151.3
370,151.4,215.9,212.8,212,211,199.9,157.1,156.8,156.7,156.4,154.4,151.5,152.7,152.6,152.6,152.5,151.9,151.5,151.3
371,151.4,216,212.9,212.1,211.1,200.1,157.2,156.9,156.7,156.5,154.4,151.5,152.8,152.7,152.6,152.5,151.9,151.5,151.4
372,151.4,216.1,213,212.2,211.2,200.2,157.2,156.9,156.8,156.6,154.5,151.6,152.9,152.8,152.7,152.6,152,151.5,151.4
373,151.5,216.2,213.1,212.3,211.4,200.4,157.4,157,156.8,156.6,154.5,151.6,153,152.8,152.8,152.7,152,151.5,151.4
374,151.5,216.3,213.2,212.5,211.5,200.5,157.7,157.1,156.9,156.7,154.6,151.6,153,152.9,152.8,152.7,152,151.5,151.4
375,151.5,216.4,213.3,212.6,211.6,200.7,158,157.1,157,156.7,154.6,151.6,153.1,153,152.9,152.8,152,151.6,151.5
376,151.5,216.5,213.4,212.7,211.7,200.8,158.3,157.2,157,156.8,154.7,151.7,153.2,153,153,152.9,152.1,151.6,151.5
377,151.5,216.6,213.6,212.8,211.8,200.9,158.6,157.2,157.1,156.8,154.7,151.7,153.2,153.1,153,152.9,152.1,151.6,151.5
378,151.6,216.7,213.7,212.9,211.9,201.1,158.9,157.3,157.1,156.9,154.8,151.7,153.3,153.2,153.1,153,152.1,151.6,151.5
379,151.6,216.8,213.8,213,212,201.2,159.2,157.4,157.2,157,154.9,151.7,153.4,153.2,153.1,153,152.2,151.7,151.5
380,151.6,216.9,213.9,213.1,212.2,201.4,159.5,157.4,157.3,157,154.9,151.7,153.4,153.3,153.2,153.1,152.2,151.7,151.6
381,151.6,217,214,213.3,212.3,201.5,159.9,157.5,157.3,157.1,155,151.8,153.5,153.3,153.3,153.2,152.2,151.7,151.6
382,151.7,217.1,214.1,213.4,212.4,201.6,160.2,157.5,157.4,157.1,155,151.8,153.5,153.4,153.3,153.2,152.3,151.7,151.6
383,151.7,217.2,214.2,213.5,212.5,201.8,160.6,157.6,157.4,157.2,155.1,151.8,153.6,153.5,153.4,153.3,152.3,151.7,151.6
384,151.7,217.3,214.3,213.6,212.6,201.9,161,157.7,157.5,157.3,155.1,151.8,153.7,153.5,153.4,153.3,152.4,151.8,151.7
385,151.7,217.4,214.4,213.7,212.7,202.1,161.3,157.7,157.5,157.3,155.2,151.9,153.7,153.6,153.5,153.4,152.4,151.8,151.7
386,151.8,217.5,214.6,213.8,212.9,202.2,161.7,157.8,157.6,157.4,155.3,151.9,153.8,153.6,153.6,153.5,152.5,151.8,151.7
387,151.8,217.6,214.7,213.9,213,202.3,162.2,157.8,157.7,157.4,155.3,151.9,153.8,153.7,153.6,153.5,152.5,151.8,151.7
388,151.8,217.7,214.8,214,213.1,202.5,162.6,157.9,157.7,157.5,155.4,151.9,153.9,153.8,153.7,153.6,152.6,151.9,151.7
389,151.8,217.8,214.9,214.2,213.2,202.6,163.1,157.9,157.8,157.5,155.4,151.9,154,153.8,153.7,153.6,152.6,151.9,151.8
390,151.8,217.9,215,214.3,213.3,202.7,163.5,158,157.8,157.6,155.5,152,154,153.9,153.8,153.7,152.7,151.9,151.8
391,151.9,218,215.1,214.4,213.4,202.9,164,158.1,157.9,157.7,155.5,152,154.1,153.9,153.8,153.7,152.7,151.9,151.8
392,151.9,218.1,215.2,214.5,213.5,203,164.5,158.1,158,157.7,155.6,152,154.1,154,153.9,153.8,152.8,151.9,151.8
393,151.9,218.2,215.3,214.6,213.7,203.1,165.1,158.2,158,157.8,155.6,152,154.2,154,154,153.8,152.8,152,151.8
394,151.9,218.3,215.4,214.7,213.8,203.3,165.6,158.2,158.1,157.8,155.7,152.1,154.2,154.1,154,153.9,152.8,152,151.9
395,152,218.4,215.5,214.8,213.9,203.4,166.2,158.3,158.1,157.9,155.7,152.1,154.3,154.2,154.1,153.9,152.9,152,151.9
396,152,218.5,215.7,214.9,214,203.5,166.7,158.4,158.2,158,155.8,152.1,154.4,154.2,154.1,154,152.9,152,151.9
397,152,218.6,215.8,215,214.1,203.7,167.1,158.4,158.2,158,155.8,152.1,154.4,154.3,154.2,154.1,153,152.1,151.9
398,152,218.7,215.9,215.2,214.2,203.8,167.6,158.5,158.3,158.1,155.9,152.1,154.5,154.3,154.2,154.1,153,152.1,152
399,152,218.8,216,215.3,214.3,203.9,168,158.5,158.4,158.1,155.9,152.2,154.5,154.4,154.3,154.2,153.1,152.1,152
400,152.1,218.9,216.1,215.4,214.4,204.1,168.5,158.6,158.4,158.2,156,152.2,154.6,154.4,154.3,154.2,153.1,152.1,152
401,152.1,219,216.2,215.5,214.6,204.2,169,158.6,158.5,158.2,156,152.2,154.6,154.5,154.4,154.3,153.2,152.1,152
402,152.1,219.1,216.3,215.6,214.7,204.3,169.4,158.7,158.5,158.3,156.1,152.2,154.7,154.5,154.4,154.3,153.2,152.2,152
403,152.1,219.2,216.4,215.7,214.8,204.5,169.9,158.8,158.6,158.4,156.1,152.3,154.7,154.6,154.5,154.4,153.2,152.2,152.1
404,152.1,219.2,216.5,215.8,214.9,204.6,170.3,158.8,158.7,158.4,156.2,152.3,154.8,154.6,154.6,154.4,153.3,152.2,152.1
405,152.2,219.3,216.6,215.9,215,204.7,170.8,158.9,158.7,158.5,156.2,152.3,154.9,154.7,154.6,154.5,153.3,152.2,152.1
406,152.2,219.4,216.7,216,215.1,204.9,171.3,158.9,158.8,158.5,156.3,152.3,154.9,154.7,154.7,154.5,153.4,152.2,152.1
407,152.2,219.5,216.9,216.1,215.2,205,171.7,159,158.8,158.6,156.3,152.3,155,154.8,154.7,154.6,153.4,152.3,152.1
408,152.2,219.6,217,216.3,215.3,205.1,172.2,159.1,159,158.7,156.4,152.4,155,154.9,154.8,154.6,153.5,152.3,152.2
409,152.3,219.7,217.1,216.4,215.4,205.3,172.7,159.2,159,158.8,156.4,152.4,155.1,154.9,154.8,154.7,153.5,152.3,152.2
410,152.3,219.8,217.2,216.5,215.6,205.4,173.1,159.2,159.1,158.8,156.5,152.4,155.1,155,154.9,154.7,153.5,152.3,152.2
411,152.3,219.9,217.3,216.6,215.7,205.5,173.6,159.3,159.1,158.9,156.5,152.4,155.2,155,154.9,154.8,153.6,152.3,152.2
412,152.3,220,217.4,216.7,215.8,205.6,174,159.3,159.2,158.9,156.6,152.4,155.2,155.1,155,154.8,153.6,152.4,152.2
413,152.3,220.1,217.5,216.8,215.9,205.8,174.5,159.4,159.2,159,156.6,152.5,155.3,155.1,155,154.9,153.7,152.4,152.3
414,152.4,220.2,217.6,216.9,216,205.9,175.4,159.4,159.3,159,156.7,152.5,155.3,155.2,155.1,154.9,153.7,152.4,152.3
415,152.4,220.3,217.7,217,216.1,206,176.7,159.5,159.3,159.1,156.7,152.5,155.4,155.2,155.1,155,153.8,152.4,152.3
416,152.4,220.4,217.8,217.1,216.2,206.2,177.9,159.5,159.4,159.1,156.8,152.5,155.4,155.3,155.2,155,153.8,152.4,152.3
417,152.4,220.5,217.9,217.2,216.3,206.3,179.2,159.6,159.4,159.2,156.8,152.6,155.5,155.3,155.2,155.1,153.9,152.5,152.3
418,152.4,220.6,218,217.3,216.4,206.4,180.4,160.5,159.5,159.2,156.9,152.6,155.5,155.4,155.3,155.1,153.9,152.5,152.4
419,152.5,220.7,218.1,217.5,216.5,206.5,181.7,161.4,159.5,159.3,156.9,152.6,155.6,155.4,155.3,155.2,153.9,152.5,152.4
420,152.5,220.8,218.3,217.6,216.7,206.7,182.9,162.2,159.6,159.3,157,152.7,155.6,155.5,155.4,155.2,154,152.5,152.4
421,152.5,220.9,218.4,217.7,216.8,206.8,184.2,163.1,159.6,159.4,157,152.7,155.7,155.5,155.4,155.3,154,152.5,152.4
422,152.5,221,218.5,217.8,216.9,206.9,185.4,164,159.7,159.4,157.1,152.7,155.7,155.6,155.5,155.3,154.1,152.6,152.4
423,152.5,221.1,218.6,217.9,217,207,186.6,164.8,159.7,159.5,157.1,152.8,155.8,155.6,155.5,155.4,154.1,152.6,152.5
424,152.6,221.2,218.7,218,217.1,207.2,187.9,165.7,159.8,159.6,157.2,152.8,155.8,155.7,155.6,155.4,154.2,152.6,152.5
425,152.6,221.3,218.8,218.1,217.2,207.3,189.1,166.6,159.8,159.6,157.2,152.9,155.9,155.7,155.6,155.5,154.2,152.6,152.5
426,152.6,221.4,218.9,218.2,217.3,207.4,190.4,167.7,160.3,159.7,157.3,152.9,155.9,155.8,155.7,155.5,154.2,152.6,152.5
427,152.6,221.5,219,218.3,217.4,207.5,191.6,168.7,161.3,159.7,157.3,152.9,156,155.8,155.7,155.6,154.3,152.7,152.5
428,152.6,221.6,219.1,218.4,217.5,207.7,192.9,169.8,162.3,159.8,157.4,153,156,155.9,155.8,155.6,154.3,152.7,152.6
429,152.7,221.7,219.2,218.5,217.6,207.8,194.1,170.8,163.3,159.8,157.4,153,156.1,155.9,155.8,155.7,154.4,152.7,152.6
430,152.7,221.8,219.3,218.6,217.7,207.9,194.4,171.9,164.3,159.9,157.5,153,156.1,156,155.9,155.7,154.4,152.7,152.6
431,152.7,221.9,219.4,218.7,217.8,208.1,194.8,172.9,165.3,159.9,157.5,153.1,156.2,156,155.9,155.8,154.5,152.7,152.6
432,152.7,222,219.5,218.9,218,208.2,195.1,174,166.2,160,157.6,153.1,156.3,156.1,156,155.8,154.5,152.8,152.6
433,152.7,222.1,219.6,219,218.1,208.3,195.4,175.1,167,160,157.6,153.1,156.3,156.1,156,155.9,154.5,152.8,152.7
434,152.8,222.2,219.8,219.1,218.2,208.4,195.7,176.1,167.9,160.1,157.7,153.2,156.4,156.2,156.1,155.9,154.6,152.8,152.7
435,152.8,222.3,219.9,219.2,218.3,208.6,196,177,168.7,160.1,157.7,153.2,156.4,156.2,156.1,156,154.6,152.8,152.7
436,152.8,222.4,220,219.3,218.4,208.7,196.3,177.9,169.6,160.2,157.8,153.2,156.5,156.3,156.2,156,154.7,152.8,152.7
437,152.8,222.5,220.1,219.4,218.5,208.8,196.5,178.7,170.4,161,157.8,153.3,156.5,156.3,156.2,156.1,154.7,152.9,152.7
438,152.8,222.6,220.2,219.5,218.6,208.9,196.8,179.5,171.2,162.1,157.9,153.3,156.5,156.4,156.3,156.1,154.8,152.9,152.8
439,152.9,222.7,220.3,219.6,218.7,209,197,180.2,172.1,163.2,157.9,153.3,156.6,156.4,156.3,156.2,154.8,152.9,152.8
440,152.9,222.8,220.4,219.7,218.8,209.2,197.2,180.9,172.9,164.3,158,153.4,156.6,156.5,156.4,156.2,154.8,152.9,152.8
441,152.9,222.9,220.5,219.8,218.9,209.3,197.4,181.5,173.8,165.4,158,153.4,156.7,156.5,156.4,156.3,154.9,152.9,152.8
442,152.9,223,220.6,219.9,219,209.4,197.7,182.1,174.9,166.3,158.1,153.5,156.7,156.6,156.5,156.3,154.9,153,152.8
443,152.9,223.1,220.7,220,219.1,209.5,197.9,182.7,175.9,167.1,158.1,153.5,156.8,156.6,156.5,156.4,155,153,152.8
444,153,223.2,220.8,220.1,219.3,209.7,198.1,183.3,176.8,167.8,158.2,153.5,156.8,156.7,156.6,156.4,155,153,152.9
445,153,223.3,220.9,220.2,219.4,209.8,198.3,183.8,177.7,168.6,158.2,153.6,156.9,156.7,156.6,156.5,155.1,153,152.9
446,153,223.4,221,220.4,219.5,209.9,198.5,184.3,178.5,169.4,158.3,153.6,156.9,156.8,156.7,156.5,155.1,153,152.9
447,153,223.5,221.1,220.5,219.6,210,198.6,184.8,179.3,170.2,158.3,153.6,157,156.8,156.7,156.5,155.1,153.1,152.9
448,153,223.6,221.2,220.6,219.7,210.1,198.8,185.3,180,171,158.4,153.7,157,156.9,156.7,156.6,155.2,153.1,152.9
449,153.1,223.7,221.3,220.7,219.8,210.3,199,185.7,180.7,171.8,158.4,153.7,157.1,156.9,156.8,156.6,155.2,153.1,153
450,153.1,223.8,221.4,220.8,219.9,210.4,199.2,186.2,181.3,172.5,158.5,153.7,157.1,157,156.8,156.7,155.3,153.1,153
451,153.1,223.9,221.6,220.9,220,210.5,199.4,186.6,182,173.3,158.5,153.8,157.2,157,156.9,156.7,155.3,153.1,153
452,153.1,224,221.7,221,220.1,210.6,199.5,187,182.6,174.1,158.6,153.8,157.2,157.1,156.9,156.8,155.3,153.2,153
453,153.1,224.1,221.8,221.1,220.2,210.8,199.7,187.4,183.1,174.9,158.6,153.8,157.3,157.1,157,156.8,155.4,153.2,153
454,153.2,224.2,221.9,221.2,220.3,210.9,199.9,187.8,183.7,176,158.7,153.9,157.3,157.1,157,156.9,155.4,153.2,153.1
455,153.2,224.3,222,221.3,220.4,211,200,188.1,184.2,177,158.7,153.9,157.4,157.2,157.1,156.9,155.5,153.2,153.1
456,153.2,224.4,222.1,221.4,220.5,211.1,200.2,188.5,184.7,177.8,158.8,153.9,157.4,157.2,157.1,157,155.5,153.2,153.1
457,153.2,224.5,222.2,221.5,220.6,211.2,200.3,188.8,185.2,178.6,158.8,154,157.5,157.3,157.2,157,155.6,153.2,153.1
458,153.2,224.6,222.3,221.6,220.7,211.4,200.5,189.2,185.6,179.4,158.9,154,157.5,157.3,157.2,157.1,155.6,153.3,153.1
459,153.2,224.7,222.4,221.7,220.9,211.5,200.6,189.5,186,180.1,158.9,154,157.6,157.4,157.3,157.1,155.6,153.3,153.1
460,153.3,224.8,222.5,221.8,221,211.6,200.8,189.8,186.5,180.8,159,154.1,157.6,157.4,157.3,157.2,155.7,153.3,153.2
461,153.3,224.9,222.6,221.9,221.1,211.7,200.9,190.2,186.9,181.5,159,154.1,157.7,157.5,157.4,157.2,155.7,153.3,153.2
462,153.3,225,222.7,222.1,221.2,211.8,201.1,190.5,187.3,182.1,159.1,154.2,157.7,157.5,157.4,157.3,155.8,153.3,153.2
463,153.3,225.1,222.8,222.2,221.3,212,201.2,190.8,187.7,182.7,159.1,154.2,157.8,157.6,157.5,157.3,155.8,153.4,153.2
464,153.3,225.2,222.9,222.3,221.4,212.1,201.3,191.1,188,183.3,159.2,154.2,157.8,157.6,157.5,157.4,155.9,153.4,153.2
465,153.4,225.3,223,222.4,221.5,212.2,201.5,191.3,188.4,183.8,159.2,154.3,157.9,157.7,157.6,157.4,155.9,153.4,153.2
466,153.4,225.4,223.1,222.5,221.6,212.3,201.6,191.6,188.8,184.3,159.3,154.3,157.9,157.7,157.6,157.4,155.9,153.4,153.3
467,153.4,225.5,223.2,222.6,221.7,212.4,201.7,191.9,189.1,184.8,159.3,154.3,158,157.8,157.7,157.5,156,153.4,153.3
468,153.4,225.6,223.3,222.7,221.8,212.5,201.9,192.2,189.4,185.3,159.4,154.4,158,157.8,157.7,157.5,156,153.4,153.3
469,153.4,225.7,223.5,222.8,221.9,212.7,202,192.4,189.8,185.7,159.4,154.4,158.1,157.9,157.7,157.6,156.1,153.5,153.3
470,153.5,225.8,223.6,222.9,222,212.8,202.1,192.7,190.1,186.2,159.5,154.4,158.1,157.9,157.8,157.6,156.1,153.5,153.3
471,153.5,225.9,223.7,223,222.1,212.9,202.2,192.9,190.4,186.6,159.5,154.5,158.1,158,157.8,157.7,156.1,153.5,153.4
472,153.5,226,223.8,223.1,222.2,213,202.4,193.2,190.7,187,159.6,154.5,158.2,158,157.9,157.7,156.2,153.5,153.4
473,153.5,226.1,223.9,223.2,222.3,213.1,202.5,193.4,191,187.4,159.6,154.5,158.2,158.1,157.9,157.8,156.2,153.5,153.4
474,153.5,226.2,224,223.3,222.5,213.2,202.6,193.7,191.3,187.8,159.7,154.6,158.3,158.1,158,157.8,156.3,153.6,153.4
475,153.5,226.3,224.1,223.4,222.6,213.4,202.7,193.9,191.6,188.2,159.7,154.6,158.3,158.1,158,157.9,156.3,153.6,153.4
476,153.6,226.4,224.2,223.5,222.7,213.5,202.9,194.1,191.9,188.5,159.8,154.6,158.4,158.2,158.1,157.9,156.4,153.6,153.4
477,153.6,226.5,224.3,223.6,222.8,213.6,203,194.4,192.1,188.9,159.8,154.7,158.4,158.2,158.1,158,156.4,153.6,153.5
478,153.6,226.6,224.4,223.7,222.9,213.7,203.1,194.6,192.4,189.2,159.9,154.7,158.5,158.3,158.2,158,156.4,153.6,153.5
479,153.6,226.7,224.5,223.9,223,213.8,203.2,194.8,192.7,189.6,159.9,154.7,158.5,158.3,158.2,158,156.5,153.6,153.5
480,153.6,226.8,224.6,224,223.1,213.9,203.3,195,192.9,189.9,160,154.8,158.6,158.4,158.3,158.1,156.5,153.7,153.5
481,153.7,226.9,224.7,224.1,223.2,214.1,203.4,195.3,193.2,190.2,160,154.8,158.6,158.4,158.3,158.1,156.6,153.7,153.5
482,153.7,227,224.8,224.2,223.3,214.2,203.6,195.5,193.4,190.5,160.1,154.8,158.7,158.5,158.4,158.2,156.6,153.7,153.5
483,153.7,227.1,224.9,224.3,223.4,214.3,203.7,195.7,193.7,190.8,160.1,154.9,158.7,158.5,158.4,158.2,156.6,153.7,153.6
484,153.7,227.2,225,224.4,223.5,214.4,203.8,195.9,193.9,191.1,160.2,154.9,158.8,158.6,158.4,158.3,156.7,153.7,153.6
485,153.7,227.3,225.1,224.5,223.6,214.5,203.9,196.1,194.1,191.4,160.2,155,158.8,158.6,158.5,158.3,156.7,153.7,153.6
486,153.7,227.4,225.2,224.6,223.7,214.6,204,196.3,194.4,191.7,160.3,155,158.9,158.7,158.5,158.4,156.8,153.8,153.6
487,153.8,227.5,225.3,224.7,223.8,214.7,204.1,196.5,194.6,192,160.3,155,158.9,158.7,158.6,158.4,156.8,153.8,153.6
488,153.8,227.6,225.4,224.8,223.9,214.9,204.2,196.7,194.8,192.3,160.3,155.1,158.9,158.7,158.6,158.5,156.9,153.8,153.6
489,153.8,227.7,225.6,224.9,224,215,204.3,196.9,195.1,192.6,160.4,155.1,159,158.8,158.7,158.5,156.9,153.8,153.7
490,153.8,227.7,225.7,225,224.1,215.1,204.4,197,195.3,192.8,160.4,155.1,159,158.8,158.7,158.6,156.9,153.8,153.7
491,153.8,227.8,225.8,225.1,224.3,215.2,204.5,197.2,195.5,193.1,160.5,155.2,159.1,158.9,158.8,158.6,157,153.8,153.7
492,153.8,227.9,225.9,225.2,224.4,215.3,204.7,197.4,195.7,193.3,160.5,155.2,159.1,158.9,158.8,158.6,157,153.9,153.7
493,153.9,228,226,225.3,224.5,215.4,204.8,197.6,195.9,193.6,160.6,155.2,159.2,159,158.9,158.7,157.1,153.9,153.7
494,153.9,228.1,226.1,225.4,224.6,215.5,204.9,197.8,196.1,193.8,160.6,155.3,159.2,159,158.9,158.7,157.1,153.9,153.7
495,153.9,228.2,226.2,225.5,224.7,215.6,205,198,196.3,194.1,160.7,155.3,159.3,159.1,159,158.8,157.1,153.9,153.8
496,153.9,228.3,226.3,225.6,224.8,215.8,205.1,198.1,196.5,194.3,160.7,155.3,159.3,159.1,159,158.8,157.2,154,153.8
497,153.9,228.4,226.4,225.7,224.9,215.9,205.2,198.3,196.7,194.5,160.8,155.4,159.4,159.2,159,158.9,157.2,154,153.8
498,154,228.5,226.5,225.8,225,216,205.3,198.5,196.9,194.8,160.8,155.4,159.4,159.2,159.1,158.9,157.3,154,153.8
499,154,228.6,226.6,226,225.1,216.1,205.4,198.6,197.1,195,160.9,155.4,159.5,159.3,159.1,159,157.3,154.1,153.8
500,154,228.7,226.7,226.1,225.2,216.2,205.5,198.8,197.3,195.2,160.9,155.5,159.5,159.3,159.2,159,157.3,154.1,153.8
501,154,228.8,226.8,226.2,225.3,216.3,205.6,199,197.5,195.4,161,155.5,159.5,159.3,159.2,159.1,157.4,154.1,153.9
502,154,228.9,226.9,226.3,225.4,216.4,205.7,199.1,197.6,195.6,161,155.5,159.6,159.4,159.3,159.1,157.4,154.1,153.9
503,154,229,227,226.4,225.5,216.5,205.8,199.3,197.8,195.8,161.1,155.6,159.6,159.4,159.3,159.1,157.5,154.2,153.9
504,154.1,229.1,227.1,226.5,225.6,216.6,205.9,199.5,198,196.1,161.1,155.6,159.7,159.5,159.4,159.2,157.5,154.2,153.9
505,154.1,229.2,227.2,226.6,225.7,216.8,206,199.6,198.2,196.3,161.2,155.6,159.7,159.5,159.4,159.2,157.6,154.2,153.9
506,154.1,229.3,227.3,226.7,225.8,216.9,206.1,199.8,198.4,196.5,161.2,155.7,159.8,159.6,159.5,159.3,157.6,154.3,153.9
507,154.1,229.4,227.4,226.8,225.9,217,206.2,200,198.5,196.7,161.3,155.7,159.8,159.6,159.5,159.3,157.6,154.3,154
508,154.1,229.5,227.5,226.9,226,217.1,206.3,200.1,198.7,196.9,161.3,155.7,159.9,159.7,159.5,159.4,157.7,154.3,154
509,154.1,229.6,227.6,227,226.1,217.2,206.4,200.3,198.9,197.1,161.4,155.8,159.9,159.7,159.6,159.4,157.7,154.4,154
510,154.2,229.7,227.7,227.1,226.2,217.3,206.5,200.4,199.1,197.2,161.4,155.8,160,159.8,159.6,159.5,157.8,154.4,154
511,154.2,229.8,227.8,227.2,226.4,217.4,206.6,200.6,199.2,197.4,161.4,155.8,160,159.8,159.7,159.5,157.8,154.4,154
512,154.2,229.9,227.9,227.3,226.5,217.5,206.7,200.7,199.4,197.6,161.5,155.9,160,159.8,159.7,159.5,157.8,154.4,154
513,154.2,230,228,227.4,226.6,217.6,206.8,200.9,199.6,197.8,161.5,155.9,160.1,159.9,159.8,159.6,157.9,154.5,154.1
514,154.2,230.1,228.2,227.5,226.7,217.8,206.9,201,199.7,198,161.6,156,160.1,159.9,159.8,159.6,157.9,154.5,154.1
515,154.2,230.2,228.3,227.6,226.8,217.9,207,201.2,199.9,198.2,161.6,156,160.2,160,159.9,159.7,158,154.5,154.1
516,154.3,230.3,228.4,227.7,226.9,218,207.1,201.3,200,198.4,161.7,156,160.2,160,159.9,159.7,158,154.6,154.1
517,154.3,230.4,228.5,227.8,227,218.1,207.2,201.5,200.2,198.5,161.7,156.1,160.3,160.1,159.9,159.8,158.1,154.6,154.1
518,154.3,230.5,228.6,227.9,227.1,218.2,207.3,201.6,200.4,198.7,161.8,156.1,160.3,160.1,160,159.8,158.1,154.6,154.1
519,154.3,230.6,228.7,228,227.2,218.3,207.4,201.8,200.5,198.9,161.8,156.1,160.4,160.2,160,159.9,158.1,154.6,154.1
520,154.3,230.7,228.8,228.1,227.3,218.4,207.5,201.9,200.7,199.1,161.9,156.2,160.4,160.2,160.1,159.9,158.2,154.7,154.2
521,154.3,230.8,228.9,228.2,227.4,218.5,207.6,202.1,200.8,199.2,161.9,156.2,160.5,160.2,160.1,160,158.2,154.7,154.2
522,154.4,230.9,229,228.3,227.5,218.6,207.7,202.2,201,199.4,162,156.2,160.5,160.3,160.2,160,158.3,154.7,154.2
523,154.4,231,229.1,228.5,227.6,218.7,207.8,202.3,201.1,199.6,162,156.3,160.5,160.3,160.2,160,158.3,154.8,154.2
524,154.4,231.1,229.2,228.6,227.7,218.8,207.9,202.5,201.3,199.7,162.1,156.3,160.6,160.4,160.3,160.1,158.3,154.8,154.2
525,154.4,231.2,229.3,228.7,227.8,219,208,202.6,201.4,199.9,162.1,156.3,160.6,160.4,160.3,160.1,158.4,154.8,154.2
526,154.4,231.3,229.4,228.8,227.9,219.1,208.1,202.8,201.6,200.1,162.2,156.4,160.7,160.5,160.3,160.2,158.4,154.9,154.3
527,154.4,231.4,229.5,228.9,228,219.2,208.2,202.9,201.7,200.2,162.2,156.4,160.7,160.5,160.4,160.2,158.5,154.9,154.3
528,154.5,231.5,229.6,229,228.1,219.3,208.3,203,201.9,200.4,162.3,156.4,160.8,160.6,160.4,160.3,158.5,154.9,154.3
529,154.5,231.6,229.7,229.1,228.2,219.4,208.4,203.2,202,200.5,162.3,156.5,160.8,160.6,160.5,160.3,158.5,154.9,154.3
530,154.5,231.7,229.8,229.2,228.3,219.5,208.5,203.3,202.2,200.7,162.3,156.5,160.9,160.6,160.5,160.4,158.6,155,154.3
531,154.5,231.8,229.9,229.3,228.4,219.6,208.6,203.5,202.3,200.8,162.4,156.5,160.9,160.7,160.6,160.4,158.6,155,154.3
532,154.5,231.9,230,229.4,228.5,219.7,208.7,203.6,202.5,201,162.4,156.6,161,160.7,160.6,160.4,158.7,155,154.3
533,154.5,232,230.1,229.5,228.6,219.8,208.8,203.7,202.6,201.2,162.5,156.6,161.3,160.8,160.7,160.5,158.7,155.1,154.4
534,154.6,232.1,230.2,229.6,228.7,219.9,208.9,203.9,202.7,201.3,162.5,156.6,161.6,160.8,160.7,160.5,158.8,155.1,154.4
535,154.6,232.2,230.3,229.7,228.9,220,209,204,202.9,201.5,162.6,156.7,161.9,160.9,160.7,160.6,158.8,155.1,154.4
536,154.6,232.3,230.4,229.8,229,220.1,209.1,204.1,203,201.6,162.6,156.7,162.2,160.9,160.8,160.6,158.8,155.1,154.4
537,154.6,232.4,230.5,229.9,229.1,220.2,209.2,204.3,203.2,201.8,162.7,156.7,162.5,161,160.8,160.7,158.9,155.2,154.4
538,154.6,232.5,230.6,230,229.2,220.4,209.3,204.4,203.3,201.9,162.7,156.8,162.8,161,160.9,160.7,158.9,155.2,154.4
539,154.6,232.6,230.7,230.1,229.3,220.5,209.4,204.5,203.4,202.1,162.8,156.8,163.2,161,160.9,160.7,159,155.2,154.5
540,154.6,232.7,230.8,230.2,229.4,220.6,209.5,204.7,203.6,202.2,162.8,156.8,163.5,161.1,161,160.8,159,155.3,154.5
541,154.7,232.7,230.9,230.3,229.5,220.7,209.6,204.8,203.7,202.4,165,156.9,163.9,161.1,161,160.8,159,155.3,154.5
542,154.7,232.8,231,230.4,229.6,220.8,209.7,204.9,203.9,202.5,167.2,156.9,164.3,161.2,161.1,160.9,159.1,155.3,154.5
543,154.7,232.9,231.1,230.5,229.7,220.9,209.8,205.1,204,202.6,169.3,156.9,164.7,161.2,161.1,160.9,159.1,155.4,154.5
544,154.7,233,231.2,230.6,229.8,221,209.9,205.2,204.1,202.8,169.9,157,165.1,161.3,161.1,161,159.2,155.4,154.5
545,154.7,233.1,231.3,230.7,229.9,221.1,210,205.3,204.3,202.9,170.5,157,165.5,161.3,161.2,161,159.2,155.4,154.5
546,154.7,233.2,231.4,230.8,230,221.2,210.1,205.5,204.4,203.1,171,157,165.9,161.4,161.2,161.1,159.2,155.4,154.6
547,154.8,233.3,231.5,230.9,230.1,221.3,210.2,205.6,204.5,203.2,171.6,157.1,166.4,161.4,161.3,161.1,159.3,155.5,154.6
548,154.8,233.4,231.6,231,230.2,221.4,210.3,205.7,204.7,203.4,172.2,157.1,166.9,161.4,161.3,161.1,159.3,155.5,154.6
549,154.8,233.5,231.7,231.1,230.3,221.5,210.4,205.8,204.8,203.5,172.7,157.1,167.4,161.5,161.4,161.2,159.4,155.5,154.6
550,154.8,233.6,231.8,231.2,230.4,221.6,210.5,206,204.9,203.6,173.3,157.2,167.9,161.5,161.4,161.2,159.5,155.6,154.6
551,154.8,233.7,231.9,231.3,230.5,221.7,210.6,206.1,205.1,203.8,173.9,157.2,168.4,161.6,161.4,161.3,159.5,155.6,154.6
552,154.8,233.8,232,231.4,230.6,221.9,210.7,206.2,205.2,203.9,174.5,157.2,169,161.6,161.5,161.3,159.5,155.6,154.6
553,154.9,233.9,232.1,231.5,230.7,222,210.8,206.4,205.3,204.1,175,157.3,169.5,161.7,161.5,161.4,159.6,155.6,154.7
554,154.9,234,232.2,231.6,230.8,222.1,210.9,206.5,205.5,204.2,175.6,157.3,169.9,161.7,161.6,161.4,159.6,155.7,154.7
555,154.9,234.1,232.3,231.7,230.9,222.2,211,206.6,205.6,204.3,176.2,157.3,170.4,161.7,161.6,161.4,159.7,155.7,154.7
556,154.9,234.2,232.4,231.8,231,222.3,211.1,206.7,205.7,204.5,176.7,157.4,170.9,161.8,161.7,161.5,159.7,155.7,154.7
557,154.9,234.3,232.5,231.9,231.1,222.4,211.2,206.9,205.9,204.6,177.8,157.4,171.3,161.8,161.7,161.5,159.7,155.8,154.7
558,154.9,234.4,232.6,232,231.2,222.5,211.3,207,206,204.7,178.7,157.5,171.8,161.9,161.8,161.6,159.8,155.8,154.7
559,154.9,234.5,232.7,232.1,231.3,222.6,211.4,207.1,206.1,204.9,179.5,157.5,172.2,161.9,161.8,161.6,159.8,155.8,154.7
560,155,234.6,232.8,232.2,231.4,222.7,211.5,207.3,206.3,205,180.3,157.5,172.7,162,161.8,161.7,159.8,155.8,154.8
561,155,234.7,232.9,232.3,231.5,222.8,211.6,207.4,206.4,205.1,181.1,157.6,173.1,162,161.9,161.7,159.9,155.9,154.8
562,155,234.7,233,232.4,231.6,222.9,211.7,207.5,206.5,205.3,181.8,157.6,173.6,162.1,161.9,161.8,159.9,155.9,154.8
563,155,234.8,233.1,232.5,231.7,223,211.8,207.6,206.7,205.4,182.5,157.6,174,162.1,162,161.8,160,155.9,154.8
564,155,234.9,233.2,232.6,231.8,223.1,211.9,207.8,206.8,205.5,183.1,157.7,174.5,162.2,162,161.9,160,156,154.8
565,155,235,233.3,232.7,231.9,223.2,212,207.9,206.9,205.7,183.8,157.7,175,162.2,162.1,162,160,156,154.8
566,155.1,235.1,233.4,232.8,232,223.3,212.1,208,207,205.8,184.3,157.7,175.4,162.3,162.2,162,160.1,156,154.8
567,155.1,235.2,233.5,232.9,232.1,223.4,212.2,208.1,207.2,205.9,184.9,157.8,175.9,162.3,162.2,162,160.1,156.1,154.9
568,155.1,235.3,233.6,233,232.2,223.6,212.3,208.3,207.3,206.1,185.4,157.8,176.3,162.4,162.3,162.1,160.2,156.1,154.9
569,155.1,235.4,233.7,233.1,232.3,223.7,212.4,208.4,207.4,206.2,185.9,157.8,176.8,162.4,162.3,162.1,160.2,156.1,154.9
570,155.1,235.5,233.8,233.2,232.4,223.8,212.5,208.5,207.6,206.3,186.4,157.9,177.2,162.5,162.3,162.1,160.2,156.1,154.9
571,155.1,235.6,233.9,233.3,232.5,223.9,212.6,208.6,207.7,206.5,186.9,157.9,178,162.5,162.4,162.2,160.3,156.2,154.9
572,155.1,235.7,234,233.4,232.6,224,212.7,208.8,207.8,206.6,187.3,157.9,179.3,162.5,162.4,162.2,160.3,156.2,154.9
573,155.2,235.8,234.1,233.5,232.7,224.1,212.8,208.9,207.9,206.7,187.8,158,180.5,162.6,162.5,162.3,160.4,156.2,155
574,155.2,235.9,234.2,233.6,232.8,224.2,212.9,209,208.1,206.9,188.2,158,181.8,162.6,162.5,162.3,160.4,156.3,155
575,155.2,236,234.3,233.7,232.9,224.3,213,209.1,208.2,207,188.6,158,183,163.1,162.5,162.3,160.4,156.3,155
576,155.2,236.1,234.4,233.8,233,224.4,213.1,209.3,208.3,207.1,189,158.1,184.2,164,162.6,162.4,160.5,156.3,155
577,155.2,236.1,234.5,233.9,233.1,224.5,213.2,209.4,208.5,207.3,189.4,158.1,185.5,164.8,162.6,162.4,160.5,156.3,155.1
578,155.2,236.2,234.6,234,233.2,224.6,213.3,209.5,208.6,207.4,189.8,158.1,186.7,165.7,162.6,162.5,160.6,156.4,155.1
579,155.2,236.3,234.7,234.1,233.3,224.7,213.4,209.6,208.7,207.5,190.1,158.2,188,166.6,162.7,162.5,160.6,156.4,155.1
580,155.3,236.4,234.8,234.2,233.4,224.8,213.5,209.8,208.8,207.6,190.5,158.2,189.2,167.5,162.7,162.5,160.6,156.4,155.1
581,155.3,236.5,234.9,234.3,233.5,224.9,213.6,209.9,209,207.8,190.8,158.2,190.5,168.3,162.8,162.6,160.7,156.5,155.2
582,155.3,236.6,234.9,234.4,233.6,225,213.7,210,209.1,207.9,191.2,158.3,191.7,169.2,162.8,162.6,160.7,156.5,155.2
583,155.3,236.7,235,234.5,233.7,225.1,213.9,210.1,209.2,208,191.5,158.3,193,170.1,162.9,162.7,160.7,156.5,155.2
584,155.3,236.8,235.1,234.6,233.8,225.2,214,210.2,209.3,208.2,191.8,158.3,194.2,171,163.9,162.7,160.8,156.5,155.2
585,155.3,236.9,235.2,234.7,233.9,225.3,214.1,210.4,209.5,208.3,192.1,158.4,195,171.9,164.9,162.8,160.8,156.6,155.3
586,155.4,237,235.3,234.8,234,225.5,214.2,210.5,209.6,208.4,192.4,158.4,195.4,172.8,165.9,162.8,160.9,156.6,155.3
587,155.4,237.1,235.4,234.9,234.1,225.6,214.3,210.6,209.7,208.5,192.7,158.4,195.8,173.6,166.9,162.8,160.9,156.6,155.3
588,155.4,237.2,235.5,235,234.2,225.7,214.4,210.7,209.8,208.7,193,158.5,196.1,174.5,167.8,162.9,160.9,156.7,155.3
589,155.4,237.2,235.6,235.1,234.3,225.8,214.5,210.9,210,208.8,193.3,158.5,196.4,175.4,168.8,162.9,161,156.7,155.4
590,155.4,237.3,235.7,235.2,234.4,225.9,214.6,211,210.1,208.9,193.6,158.5,196.8,176.3,169.5,163,161,156.7,155.4
591,155.4,237.4,235.8,235.2,234.5,226,214.7,211.1,210.2,209,193.8,158.6,197.1,177.3,170.3,163,161.1,156.7,155.4
592,155.4,237.5,235.9,235.3,234.6,226.1,214.8,211.2,210.3,209.2,194.1,158.6,197.4,178.3,171.1,163,161.1,156.8,155.4
593,155.5,237.6,236,235.4,234.7,226.2,214.9,211.3,210.4,209.3,194.4,158.6,197.6,179.1,171.8,163.1,161.1,156.8,155.5
594,155.5,237.7,236.1,235.5,234.8,226.3,215,211.5,210.6,209.4,194.6,158.7,197.9,180,172.6,163.5,161.2,156.8,155.5
595,155.5,237.8,236.2,235.6,234.9,226.4,215.1,211.6,210.7,209.5,194.9,158.7,198.1,180.7,173.3,164.6,161.2,156.9,155.5
596,155.5,237.9,236.3,235.7,235,226.5,215.2,211.7,210.8,209.7,195.1,158.7,198.4,181.4,174.1,165.7,161.3,156.9,155.5
597,155.5,238,236.4,235.8,235.1,226.6,215.3,211.8,210.9,209.8,195.4,158.8,198.6,182.1,174.8,166.8,161.3,156.9,155.6
598,155.5,238.1,236.5,235.9,235.2,226.7,215.4,211.9,211.1,209.9,195.6,158.8,198.8,182.8,175.6,167.9,161.3,156.9,155.6
599,155.5,238.1,236.6,236,235.2,226.8,215.5,212.1,211.2,210,195.8,158.8,199,183.4,176.3,168.9,161.4,157,155.6
600,155.6,238.2,236.6,236.1,235.3,226.9,215.6,212.2,211.3,210.2,196.1,158.9,199.2,184,177.1,169.5,161.4,157,155.6
601,155.6,238.3,236.7,236.2,235.4,227,215.7,212.3,211.4,210.3,196.3,158.9,199.4,184.6,178.1,170.2,161.5,157,155.7
602,155.6,238.4,236.8,236.3,235.5,227.1,215.8,212.4,211.5,210.4,196.5,158.9,199.6,185.1,178.9,170.9,161.5,157.1,155.7
603,155.6,238.5,236.9,236.4,235.6,227.2,215.9,212.5,211.7,210.5,196.7,159,199.8,185.7,179.8,171.6,161.5,157.1,155.7
604,155.6,238.6,237,236.5,235.7,227.3,216,212.7,211.8,210.7,197,159,200,186.2,180.5,172.3,161.6,157.1,155.7
605,155.6,238.7,237.1,236.6,235.8,227.4,216.1,212.8,211.9,210.8,197.2,159,200.2,186.6,181.3,173,161.6,157.2,155.8
606,155.6,238.8,237.2,236.7,235.9,227.6,216.2,212.9,212,210.9,197.4,159.1,200.4,187.1,182,173.7,161.6,157.2,155.8
607,155.7,238.9,237.3,236.8,236,227.7,216.3,213,212.2,211,197.6,159.1,200.5,187.5,182.6,174.3,161.7,157.2,155.8
608,155.7,238.9,237.4,236.8,236.1,227.8,216.4,213.1,212.3,211.2,197.8,159.1,200.7,187.9,183.3,175,161.7,157.2,155.8
609,155.7,239,237.5,236.9,236.2,227.9,216.5,213.2,212.4,211.3,198,159.2,200.9,188.4,183.9,175.7,161.8,157.3,155.9
610,155.7,239.1,237.6,237,236.3,228,216.6,213.4,212.5,211.4,198.2,159.2,201,188.8,184.5,176.4,161.8,157.3,155.9
611,155.7,239.2,237.7,237.1,236.4,228.1,216.7,213.5,212.6,211.5,198.4,159.2,201.2,189.1,185,177.1,161.8,157.3,155.9
612,155.7,239.3,237.7,237.2,236.5,228.2,216.8,213.6,212.8,211.7,198.6,159.3,201.4,189.5,185.5,178.2,161.9,157.4,155.9
613,155.7,239.4,237.8,237.3,236.6,228.3,216.9,213.7,212.9,211.8,198.8,159.3,201.5,189.9,186,179,161.9,157.4,156
614,155.8,239.5,237.9,237.4,236.7,228.4,217,213.8,213,211.9,199,159.3,201.7,190.2,186.5,179.9,162,157.4,156
615,155.8,239.5,238,237.5,236.8,228.5,217.1,213.9,213.1,212,199.2,159.4,201.8,190.6,187,180.6,162,157.4,156
616,155.8,239.6,238.1,237.6,236.9,228.6,217.2,214.1,213.2,212.1,199.3,159.4,202,190.9,187.4,181.4,162,157.5,156
617,155.8,239.7,238.2,237.7,236.9,228.7,217.3,214.2,213.3,212.3,199.5,159.4,202.1,191.2,187.8,182.1,162.1,157.5,156.1
618,155.8,239.8,238.3,237.8,237,228.8,217.4,214.3,213.5,212.4,199.7,159.5,202.3,191.5,188.3,182.7,162.1,157.5,156.1
619,155.8,239.9,238.4,237.9,237.1,228.9,217.5,214.4,213.6,212.5,199.9,159.5,202.4,191.9,188.7,183.4,162.2,157.6,156.1
620,155.8,240,238.5,237.9,237.2,229,217.6,214.5,213.7,212.6,200.1,159.5,202.5,192.2,189,184,162.2,157.6,156.1
621,155.9,240.1,238.6,238,237.3,229.1,217.7,214.6,213.8,212.7,200.2,159.6,202.7,192.5,189.4,184.6,162.2,157.6,156.2
622,155.9,240.1,238.6,238.1,237.4,229.2,217.8,214.8,213.9,212.9,200.4,159.6,202.8,192.7,189.8,185.1,162.3,157.6,156.2
623,155.9,240.2,238.7,238.2,237.5,229.3,217.9,214.9,214.1,213,200.6,159.6,202.9,193,190.2,185.6,162.3,157.7,156.2
624,155.9,240.3,238.8,238.3,237.6,229.4,218,215,214.2,213.1,200.7,159.7,203.1,193.3,190.5,186.1,162.3,157.7,156.2
625,155.9,240.4,238.9,238.4,237.7,229.5,218.1,215.1,214.3,213.2,200.9,159.7,203.2,193.6,190.8,186.6,162.4,157.7,156.3
626,155.9,240.5,239,238.5,237.8,229.6,218.2,215.2,214.4,213.3,201.1,159.7,203.3,193.9,191.2,187.1,162.4,157.8,156.3
627,155.9,240.6,239.1,238.6,237.9,229.7,218.3,215.3,214.5,213.5,201.2,159.8,203.5,194.1,191.5,187.5,162.5,157.8,156.3
628,155.9,240.7,239.2,238.7,238,229.8,218.4,215.4,214.6,213.6,201.4,159.8,203.6,194.4,191.8,188,162.5,157.8,156.3
629,156,240.7,239.3,238.8,238.1,229.9,218.5,215.6,214.8,213.7,201.6,159.8,203.7,194.6,192.1,188.4,162.5,157.8,156.3
630,156,240.8,239.3,238.8,238.1,230,218.6,215.7,214.9,213.8,201.7,159.9,203.8,194.9,192.4,188.8,162.6,157.9,156.4
631,156,240.9,239.4,238.9,238.2,230.2,218.7,215.8,215,213.9,201.9,159.9,204,195.1,192.7,189.2,162.6,157.9,156.4
632,156,241,239.5,239,238.3,230.3,218.8,215.9,215.1,214,202.1,159.9,204.1,195.3,193,189.5,162.7,157.9,156.4
633,156,241.1,239.6,239.1,238.4,230.4,218.9,216,215.2,214.2,202.2,160,204.2,195.6,193.3,189.9,162.7,158,156.4
634,156,241.2,239.7,239.2,238.5,230.5,219,216.1,215.3,214.3,202.4,160,204.3,195.8,193.6,190.3,162.7,158,156.5
635,156,241.2,239.8,239.3,238.6,230.6,219.1,216.2,215.4,214.4,202.5,160,204.4,196,193.8,190.6,162.8,158,156.5
636,156.1,241.3,239.9,239.4,238.7,230.7,219.2,216.3,215.6,214.5,202.7,160.1,204.5,196.3,194.1,191,162.8,158,156.5
637,156.1,241.4,240,239.5,238.8,230.8,219.3,216.5,215.7,214.6,202.8,160.1,204.7,196.5,194.4,191.3,162.9,158.1,156.5
638,156.1,241.5,240,239.5,238.9,230.9,219.4,216.6,215.8,214.8,203,160.1,204.8,196.7,194.6,191.6,162.9,158.1,156.6
639,156.1,241.6,240.1,239.6,239,231,219.5,216.7,215.9,214.9,203.1,160.2,204.9,196.9,194.9,191.9,162.9,158.1,156.6
640,156.1,241.7,240.2,239.7,239,231.1,219.6,216.8,216,215,203.3,160.2,205,197.1,195.1,192.3,163,158.2,156.6
641,156.1,241.7,240.3,239.8,239.1,231.2,219.7,216.9,216.1,215.1,203.4,160.2,205.1,197.3,195.4,192.6,163,158.2,156.6
642,156.1,241.8,240.4,239.9,239.2,231.3,219.8,217,216.2,215.2,203.6,160.3,205.2,197.5,195.6,192.9,163,158.2,156.7
643,156.2,241.9,240.5,240,239.3,231.4,219.9,217.1,216.4,215.3,203.7,160.3,205.3,197.7,195.8,193.1,163.1,158.2,156.7
644,156.2,242,240.6,240.1,239.4,231.5,220,217.2,216.5,215.4,203.9,160.3,205.4,197.9,196.1,193.4,163.1,158.3,156.7
645,156.2,242.1,240.6,240.2,239.5,231.6,220.1,217.4,216.6,215.6,204,160.4,205.6,198.1,196.3,193.7,163.2,158.3,156.7
646,156.2,242.2,240.7,240.2,239.6,231.7,220.2,217.5,216.7,215.7,204.2,160.4,205.7,198.3,196.5,194,163.2,158.3,156.8
647,156.2,242.2,240.8,240.3,239.7,231.8,220.3,217.6,216.8,215.8,204.3,160.4,205.8,198.5,196.7,194.2,163.2,158.4,156.8
648,156.2,242.3,240.9,240.4,239.7,231.9,220.4,217.7,216.9,215.9,204.5,160.5,205.9,198.7,196.9,194.5,163.3,158.4,156.8
649,156.2,242.4,241,240.5,239.8,232,220.5,217.8,217,216,204.6,160.5,206,198.9,197.2,194.8,163.3,158.4,156.8
650,156.2,242.5,241.1,240.6,239.9,232.1,220.6,217.9,217.1,216.1,204.7,160.5,206.1,199.1,197.4,195,163.4,158.4,156.9
651,156.3,242.6,241.1,240.7,240,232.2,220.7,218,217.3,216.2,204.9,160.6,206.2,199.2,197.6,195.3,163.4,158.5,156.9
652,156.3,242.6,241.2,240.8,240.1,232.3,220.8,218.1,217.4,216.4,205,160.6,206.3,199.4,197.8,195.5,163.4,158.5,156.9
653,156.3,242.7,241.3,240.8,240.2,232.4,220.9,218.2,217.5,216.5,205.2,160.6,206.4,199.6,198,195.7,163.5,158.5,156.9
654,156.3,242.8,241.4,240.9,240.3,232.5,221,218.3,217.6,216.6,205.3,160.7,206.5,199.8,198.2,196,163.5,158.6,157
655,156.3,242.9,241.5,241,240.3,232.6,221.1,218.5,217.7,216.7,205.4,160.7,206.6,200,198.4,196.2,163.6,158.6,157
656,156.3,243,241.6,241.1,240.4,232.7,221.2,218.6,217.8,216.8,205.6,160.7,206.7,200.1,198.6,196.4,163.6,158.6,157
657,156.3,243.1,241.6,241.2,240.5,232.8,221.3,218.7,217.9,216.9,205.7,160.7,206.8,200.3,198.8,196.7,163.6,158.6,157
658,156.4,243.1,241.7,241.3,240.6,232.9,221.4,218.8,218,217,205.9,160.8,206.9,200.5,198.9,196.9,163.7,158.7,157.1
659,156.4,243.2,241.8,241.3,240.7,233,221.5,218.9,218.1,217.2,206,160.8,207,200.6,199.1,197.1,163.7,158.7,157.1
660,156.4,243.3,241.9,241.4,240.8,233.1,221.6,219,218.3,217.3,206.1,160.8,207.1,200.8,199.3,197.3,163.7,158.7,157.1
661,156.4,243.4,242,241.5,240.9,233.2,221.7,219.1,218.4,217.4,206.3,160.9,207.2,201,199.5,197.5,163.8,158.8,157.1
662,156.4,243.5,242.1,241.6,240.9,233.3,221.8,219.2,218.5,217.5,206.4,160.9,207.3,201.1,199.7,197.7,163.8,158.8,157.1
663,156.4,243.5,242.1,241.7,241,233.4,221.8,219.3,218.6,217.6,206.5,160.9,207.4,201.3,199.9,197.9,163.9,158.8,157.2
664,156.4,243.6,242.2,241.8,241.1,233.5,221.9,219.4,218.7,217.7,206.7,161,207.5,201.4,200,198.1,163.9,158.8,157.2
665,156.4,243.7,242.3,241.8,241.2,233.6,222,219.5,218.8,217.8,206.8,161,207.6,201.6,200.2,198.3,163.9,158.9,157.2
666,156.5,243.8,242.4,241.9,241.3,233.7,222.1,219.6,218.9,217.9,206.9,161,207.7,201.8,200.4,198.5,164,158.9,157.2
667,156.5,243.9,242.5,242,241.4,233.8,222.2,219.7,219,218,207.1,161.1,207.8,201.9,200.6,198.7,164,158.9,157.3
668,156.5,243.9,242.5,242.1,241.5,233.9,222.3,219.9,219.1,218.2,207.2,161.1,207.9,202.1,200.7,198.9,164.1,159,157.3
669,156.5,244,242.6,242.2,241.5,234,222.4,220,219.2,218.3,207.3,161.1,208,202.2,200.9,199.1,164.1,159,157.3
670,156.5,244.1,242.7,242.3,241.6,234.1,222.5,220.1,219.3,218.4,207.5,161.2,208.1,202.4,201.1,199.3,164.1,159,157.3
671,156.5,244.2,242.8,242.3,241.7,234.2,222.6,220.2,219.5,218.5,207.6,161.2,208.2,202.5,201.2,199.5,164.2,159,157.4
672,156.5,244.3,242.9,242.4,241.8,234.3,222.7,220.3,219.6,218.6,207.7,161.2,208.3,202.7,201.4,199.7,164.2,159.1,157.4
673,156.5,244.3,243,242.5,241.9,234.4,222.8,220.4,219.7,218.7,207.9,161.3,208.4,202.8,201.5,199.8,164.3,159.1,157.4
674,156.6,244.4,243,242.6,242,234.5,222.9,220.5,219.8,218.8,208,161.3,208.5,203,201.7,200,164.3,159.1,157.4
675,156.6,244.5,243.1,242.7,242,234.6,223,220.6,219.9,218.9,208.1,161.3,208.6,203.1,201.9,200.2,164.3,159.1,157.5
676,156.6,244.6,243.2,242.7,242.1,234.7,223.1,220.7,220,219,208.3,161.4,208.7,203.3,202,200.4,164.4,159.2,157.5
677,156.6,244.7,243.3,242.8,242.2,234.8,223.2,220.8,220.1,219.1,208.4,161.4,208.8,203.4,202.2,200.5,164.4,159.2,157.5
678,156.6,244.8,243.4,242.9,242.3,234.9,223.3,220.9,220.2,219.3,208.5,161.4,208.9,203.6,202.3,200.7,164.4,159.2,157.5
679,156.6,244.8,243.4,243,242.4,235,223.4,221,220.3,219.4,208.7,161.5,209,203.7,202.5,200.9,164.5,159.3,157.6
680,156.6,244.9,243.5,243.1,242.5,235.1,223.5,221.1,220.4,219.5,208.8,161.5,209.1,203.9,202.6,201.1,164.5,159.3,157.6
681,156.6,245,243.6,243.2,242.5,235.2,223.6,221.2,220.5,219.6,208.9,161.5,209.2,204,202.8,201.2,164.6,159.3,157.6
682,156.7,245.1,243.7,243.2,242.6,235.3,223.7,221.3,220.6,219.7,209,161.6,209.3,204.1,202.9,201.4,164.6,159.3,157.6
683,156.7,245.2,243.8,243.3,242.7,235.4,223.8,221.5,220.7,219.8,209.2,161.6,209.4,204.3,203.1,201.5,164.6,159.4,157.7
684,156.7,245.2,243.8,243.4,242.8,235.5,223.9,221.6,220.9,219.9,209.3,161.6,209.5,204.4,203.2,201.7,164.7,159.4,157.7
685,156.7,245.3,243.9,243.5,242.9,235.6,224,221.7,221,220,209.4,161.7,209.6,204.6,203.4,201.9,164.7,159.4,157.7
686,156.7,245.4,244,243.6,242.9,235.7,224.1,221.8,221.1,220.1,209.6,161.7,209.7,204.7,203.5,202,164.8,159.5,157.7
687,156.7,245.5,244.1,243.6,243,235.8,224.2,221.9,221.2,220.2,209.7,161.7,209.8,204.8,203.7,202.2,164.8,159.5,157.7
688,156.7,245.6,244.2,243.7,243.1,235.9,224.3,222,221.3,220.3,209.8,161.8,209.9,205,203.8,202.3,164.8,159.5,157.8
689,156.7,245.6,244.3,243.8,243.2,236,224.4,222.1,221.4,220.4,209.9,161.8,210,205.1,204,202.5,164.9,159.5,157.8
690,156.8,245.7,244.3,243.9,243.3,236.1,224.5,222.2,221.5,220.6,210.1,161.8,210.1,205.3,204.1,202.7,164.9,159.6,157.8
691,156.8,245.8,244.4,244,243.4,236.2,224.6,222.3,221.6,220.7,210.2,161.9,210.2,205.4,204.3,202.8,165,159.6,157.8
692,156.8,245.9,244.5,244,243.4,236.3,224.7,222.4,221.7,220.8,210.3,161.9,210.3,205.5,204.4,203,165,159.6,157.9
693,156.8,246,244.6,244.1,243.5,236.4,224.8,222.5,221.8,220.9,210.5,161.9,210.4,205.7,204.6,203.1,165,159.7,157.9
694,156.8,246,244.7,244.2,243.6,236.5,224.9,222.6,221.9,221,210.6,161.9,210.5,205.8,204.7,203.3,165.1,159.7,157.9
695,156.8,246.1,244.7,244.3,243.7,236.6,225,222.7,222,221.1,210.7,162,210.6,205.9,204.8,203.4,165.1,159.7,157.9
696,156.8,246.2,244.8,244.4,243.8,236.7,225.1,222.8,222.1,221.2,210.8,162,210.7,206.1,205,203.6,165.2,159.7,158
697,156.8,246.3,244.9,244.5,243.8,236.8,225.2,222.9,222.2,221.3,211,162,210.8,206.2,205.1,203.7,165.2,159.8,158
698,156.9,246.4,245,244.5,243.9,236.9,225.3,223,222.3,221.4,211.1,162.1,210.9,206.3,205.3,203.9,166.9,159.8,158
699,156.9,246.5,245.1,244.6,244,237,225.3,223.1,222.4,221.5,211.2,162.1,211,206.5,205.4,204,169.2,159.8,158
700,156.9,246.5,245.1,244.7,244.1,237,225.4,223.2,222.6,221.6,211.3,162.1,211.1,206.6,205.5,204.2,171.5,159.9,158.1
701,156.9,246.6,245.2,244.8,244.2,237.1,225.5,223.3,222.7,221.7,211.5,162.2,211.2,206.7,205.7,204.3,172.3,159.9,158.1
702,156.9,246.7,245.3,244.9,244.2,237.2,225.6,223.4,222.8,221.8,211.6,162.2,211.3,206.9,205.8,204.4,172.8,159.9,158.1
703,156.9,246.8,245.4,244.9,244.3,237.3,225.7,223.6,222.9,221.9,211.7,162.2,211.4,207,205.9,204.6,173.3,159.9,158.1
704,156.9,246.9,245.5,245,244.4,237.4,225.8,223.7,223,222.1,211.8,162.3,211.5,207.1,206.1,204.7,173.8,160,158.2
705,156.9,246.9,245.5,245.1,244.5,237.5,225.9,223.8,223.1,222.2,212,162.3,211.6,207.3,206.2,204.9,174.3,160,158.2
706,157,247,245.6,245.2,244.6,237.6,226,223.9,223.2,222.3,212.1,162.3,211.7,207.4,206.4,205,174.8,160,158.2
707,157,247.1,245.7,245.3,244.6,237.7,226.1,224,223.3,222.4,212.2,162.4,211.8,207.5,206.5,205.2,175.3,160.1,158.2
708,157,247.2,245.8,245.3,244.7,237.8,226.2,224.1,223.4,222.5,212.3,162.4,211.9,207.6,206.6,205.3,175.8,160.1,158.3
709,157,247.3,245.9,245.4,244.8,237.9,226.3,224.2,223.5,222.6,212.5,162.4,212,207.8,206.8,205.4,176.3,160.1,158.3
710,157,247.4,245.9,245.5,244.9,238,226.4,224.3,223.6,222.7,212.6,162.5,212.1,207.9,206.9,205.6,176.8,160.1,158.3
711,157,247.4,246,245.6,245,238.1,226.5,224.4,223.7,222.8,212.7,162.5,212.3,208,207,205.7,177.3,160.2,158.3
712,157,247.5,246.1,245.7,245.1,238.2,226.6,224.5,223.8,222.9,212.8,162.5,212.4,208.2,207.2,205.9,177.8,160.2,158.3
713,157,247.6,246.2,245.7,245.1,238.3,226.7,224.6,223.9,223,213,162.6,212.5,208.3,207.3,206,178.3,160.2,158.4
714,157.1,247.7,246.3,245.8,245.2,238.4,226.8,224.7,224,223.1,213.1,162.6,212.6,208.4,207.4,206.1,178.8,160.3,158.4
715,157.1,247.8,246.4,245.9,245.3,238.5,226.9,224.8,224.1,223.2,213.2,162.6,212.7,208.5,207.6,206.3,179.3,160.3,158.4
716,157.1,247.9,246.4,246,245.4,238.6,227,224.9,224.2,223.3,213.3,162.7,212.8,208.7,207.7,206.4,180.6,160.3,158.4
717,157.1,247.9,246.5,246.1,245.5,238.7,227.1,225,224.3,223.4,213.4,162.7,212.9,208.8,207.8,206.5,181.4,160.3,158.5
718,157.1,248,246.6,246.2,245.5,238.7,227.2,225.1,224.4,223.5,213.6,162.7,213,208.9,207.9,206.7,182.1,160.4,158.5
719,157.1,248.1,246.7,246.2,245.6,238.8,227.3,225.2,224.5,223.6,213.7,162.7,213.1,209.1,208.1,206.8,182.9,160.4,158.5
720,157.1,248.2,246.8,246.3,245.7,238.9,227.4,225.3,224.6,223.7,213.8,162.8,213.2,209.2,208.2,206.9,183.6,160.4,158.5
721,157.1,248.3,246.8,246.4,245.8,239,227.5,225.4,224.8,223.8,213.9,162.8,213.3,209.3,208.3,207.1,184.2,160.4,158.6
722,157.2,248.4,246.9,246.5,245.9,239.1,227.6,225.5,224.9,224,214,162.8,213.4,209.4,208.5,207.2,184.9,160.5,158.6
723,157.2,248.4,247,246.6,245.9,239.2,227.7,225.6,225,224.1,214.2,162.9,213.5,209.6,208.6,207.3,185.5,160.5,158.6
724,157.2,248.5,247.1,246.6,246,239.3,227.8,225.7,225.1,224.2,214.3,162.9,213.6,209.7,208.7,207.5,186,160.5,158.6
725,157.2,248.6,247.2,246.7,246.1,239.4,227.9,225.8,225.2,224.3,214.4,162.9,213.7,209.8,208.9,207.6,186.6,160.6,158.7
726,157.2,248.7,247.3,246.8,246.2,239.5,228,225.9,225.3,224.4,214.5,163,213.8,209.9,209,207.7,187.1,160.6,158.7
727,157.2,248.8,247.3,246.9,246.3,239.6,228.1,226,225.4,224.5,214.6,163,213.9,210.1,209.1,207.9,187.6,160.6,158.7
728,157.2,248.9,247.4,247,246.4,239.7,228.2,226.1,225.5,224.6,214.8,163,214,210.2,209.2,208,188,160.6,158.7
729,157.2,248.9,247.5,247.1,246.4,239.8,228.3,226.3,225.6,224.7,214.9,163.1,214.1,210.3,209.4,208.1,188.5,160.7,158.7
730,157.2,249,247.6,247.1,246.5,239.8,228.4,226.4,225.7,224.8,215,163.1,214.2,210.4,209.5,208.3,188.9,160.7,158.8
731,157.3,249.1,247.7,247.2,246.6,239.9,228.5,226.5,225.8,224.9,215.1,163.1,214.3,210.6,209.6,208.4,189.4,160.7,158.8
732,157.3,249.2,247.8,247.3,246.7,240,228.6,226.6,225.9,225,215.2,163.2,214.4,210.7,209.7,208.5,189.8,160.8,158.8
733,157.3,249.3,247.8,247.4,246.8,240.1,228.7,226.7,226,225.1,215.4,163.2,214.5,210.8,209.9,208.7,190.2,160.8,158.8
734,157.3,249.4,247.9,247.5,246.8,240.2,228.8,226.8,226.1,225.2,215.5,163.2,214.6,210.9,210,208.8,190.6,160.8,158.9
735,157.3,249.4,248,247.5,246.9,240.3,228.9,226.9,226.2,225.3,215.6,163.3,214.7,211.1,210.1,208.9,191,160.8,158.9
736,157.3,249.5,248.1,247.6,247,240.4,229,227,226.3,225.4,215.7,163.3,214.8,211.2,210.3,209.1,191.3,160.9,158.9
737,157.3,249.6,248.2,247.7,247.1,240.5,229,227.1,226.4,225.5,215.8,163.3,214.9,211.3,210.4,209.2,191.7,160.9,158.9
738,157.3,249.7,248.3,247.8,247.2,240.6,229.1,227.2,226.5,225.6,216,163.3,215,211.4,210.5,209.3,192,160.9,159
739,157.4,249.8,248.3,247.9,247.3,240.7,229.2,227.3,226.6,225.7,216.1,163.4,215.1,211.5,210.6,209.4,192.4,161,159
740,157.4,249.9,248.4,248,247.3,240.7,229.3,227.4,226.7,225.8,216.2,163.4,215.2,211.7,210.8,209.6,192.7,161,159
741,157.4,249.9,248.5,248,247.4,240.8,229.4,227.5,226.8,225.9,216.3,163.4,215.3,211.8,210.9,209.7,193,161,159
742,157.4,250,248.6,248.1,247.5,240.9,229.5,227.6,226.9,226,216.4,163.5,215.4,211.9,211,209.8,193.3,161,159.1
743,157.4,250.1,248.7,248.2,247.6,241,229.6,227.7,227,226.1,216.5,163.5,215.5,212,211.1,210,193.6,161.1,159.1
744,157.4,250.2,248.8,248.3,247.7,241.1,229.7,227.8,227.1,226.2,216.7,163.5,215.6,212.2,211.3,210.1,193.9,161.1,159.1
745,157.4,250.3,248.8,248.4,247.7,241.2,229.8,227.9,227.2,226.4,216.8,163.6,215.7,212.3,211.4,210.2,194.2,161.1,159.1
746,157.4,250.4,248.9,248.5,247.8,241.3,229.9,228,227.3,226.5,216.9,163.6,215.8,212.4,211.5,210.3,194.5,161.1,159.1
747,157.4,250.4,249,248.5,247.9,241.4,230,228.1,227.5,226.6,217,163.6,215.9,212.5,211.6,210.5,194.8,161.2,159.2
748,157.5,250.5,249.1,248.6,248,241.4,230.1,228.2,227.6,226.7,217.1,163.7,216,212.6,211.8,210.6,195.1,161.2,159.2
749,157.5,250.6,249.2,248.7,248.1,241.5,230.2,228.3,227.7,226.8,217.2,163.7,216.1,212.8,211.9,210.7,195.4,161.2,159.2
750,157.5,250.7,249.3,248.8,248.2,241.6,230.3,228.4,227.8,226.9,217.4,163.7,216.2,212.9,212,210.8,195.6,161.3,159.2
751,157.5,250.8,249.3,248.9,248.2,241.7,230.4,228.5,227.9,227,217.5,163.8,216.3,213,212.1,211,195.9,161.3,159.3
752,157.5,250.9,249.4,249,248.3,241.8,230.5,228.6,228,227.1,217.6,163.8,216.4,213.1,212.2,211.1,196.1,161.3,159.3
753,157.5,251,249.5,249,248.4,241.9,230.6,228.7,228.1,227.2,217.7,163.8,216.6,213.3,212.4,211.2,196.4,161.3,159.3
754,157.5,251,249.6,249.1,248.5,242,230.7,228.8,228.2,227.3,217.8,163.9,216.7,213.4,212.5,211.3,196.6,161.4,159.3
755,157.5,251.1,249.7,249.2,248.6,242.1,230.8,228.9,228.3,227.4,217.9,163.9,216.8,213.5,212.6,211.5,196.9,161.4,159.4
756,157.5,251.2,249.7,249.3,248.7,242.1,230.9,229,228.4,227.5,218,163.9,216.9,213.6,212.7,211.6,197.1,161.4,159.4
757,157.6,251.3,249.8,249.4,248.7,242.2,231,229.1,228.5,227.6,218.2,163.9,217,213.7,212.9,211.7,197.3,161.5,159.4
758,157.6,251.4,249.9,249.5,248.8,242.3,231.1,229.2,228.6,227.7,218.3,164,217.1,213.8,213,211.8,197.6,161.5,159.4
759,157.6,251.5,250,249.5,248.9,242.4,231.2,229.3,228.7,227.8,218.4,164,217.2,214,213.1,212,197.8,161.5,159.5
760,157.6,251.5,250.1,249.6,249,242.5,231.3,229.4,228.8,227.9,218.5,164,217.3,214.1,213.2,212.1,198,161.5,159.5
761,157.6,251.6,250.2,249.7,249.1,242.6,231.4,229.5,228.9,228,218.6,164.1,217.4,214.2,213.3,212.2,198.2,161.6,159.5
762,157.6,251.7,250.2,249.8,249.2,242.7,231.5,229.6,229,228.1,218.7,164.1,217.5,214.3,213.5,212.3,198.5,161.6,159.5
763,157.6,251.8,250.3,249.9,249.2,242.7,231.6,229.7,229.1,228.2,218.8,164.1,217.6,214.4,213.6,212.5,198.7,161.6,159.5
764,157.6,251.9,250.4,250,249.3,242.8,231.7,229.9,229.2,228.3,218.9,164.2,217.7,214.6,213.7,212.6,198.9,161.7,159.6
765,157.7,252,250.5,250,249.4,242.9,231.8,230,229.3,228.4,219.1,164.2,217.8,214.7,213.8,212.7,199.1,161.7,159.6
766,157.7,252,250.6,250.1,249.5,243,231.9,230.1,229.4,228.5,219.2,164.2,217.9,214.8,214,212.8,199.3,161.7,159.6
767,157.7,252.1,250.7,250.2,249.6,243.1,232,230.2,229.5,228.6,219.3,164.3,218,214.9,214.1,213,199.5,161.7,159.6
768,157.7,252.2,250.7,250.3,249.7,243.2,232.1,230.3,229.6,228.7,219.4,164.3,218.1,215,214.2,213.1,199.7,161.8,159.7
769,157.7,252.3,250.8,250.4,249.7,243.2,232.2,230.4,229.7,228.8,219.5,164.3,218.2,215.2,214.3,213.2,199.9,161.8,159.7
770,157.7,252.4,250.9,250.5,249.8,243.3,232.3,230.5,229.8,228.9,219.6,164.4,218.3,215.3,214.4,213.3,200.1,161.8,159.7
771,157.7,252.4,251,250.5,249.9,243.4,232.4,230.6,229.9,229,219.7,164.4,218.4,215.4,214.5,213.4,200.3,161.8,159.7
772,157.7,252.5,251.1,250.6,250,243.5,232.5,230.7,230,229.1,219.8,164.4,218.5,215.5,214.7,213.6,200.5,161.9,159.8
773,157.7,252.6,251.2,250.7,250.1,243.6,232.6,230.8,230.1,229.3,219.9,164.4,218.6,215.6,214.8,213.7,200.6,161.9,159.8
774,157.8,252.7,251.2,250.8,250.2,243.7,232.7,230.9,230.2,229.4,220.1,164.5,218.7,215.7,214.9,213.8,200.8,161.9,159.8
775,157.8,252.8,251.3,250.9,250.2,243.7,232.8,231,230.3,229.5,220.2,164.5,218.8,215.8,215,213.9,201,162,159.8
776,157.8,252.9,251.4,251,250.3,243.8,232.8,231.1,230.4,229.6,220.3,164.5,218.9,216,215.1,214,201.2,162,159.9
777,157.8,252.9,251.5,251,250.4,243.9,232.9,231.2,230.5,229.7,220.4,164.6,219,216.1,215.3,214.2,201.4,162,159.9
778,157.8,253,251.6,251.1,250.5,244,233,231.3,230.6,229.8,220.5,164.6,219.1,216.2,215.4,214.3,201.5,162,159.9
779,157.8,253.1,251.7,251.2,250.6,244.1,233.1,231.4,230.7,229.9,220.6,164.6,219.2,216.3,215.5,214.4,201.7,162.1,159.9
780,157.8,253.2,251.7,251.3,250.7,244.2,233.2,231.5,230.8,230,220.7,164.7,219.3,216.4,215.6,214.5,201.9,162.1,159.9
781,157.8,253.3,251.8,251.4,250.7,244.2,233.3,231.6,230.9,230.1,220.8,164.7,219.4,216.5,215.7,214.6,202.1,162.1,160
782,157.8,253.4,251.9,251.4,250.8,244.3,233.4,231.7,231,230.2,220.9,164.7,219.5,216.7,215.8,214.8,202.2,162.2,160
783,157.9,253.4,252,251.5,250.9,244.4,233.5,231.8,231.1,230.3,221,164.8,219.6,216.8,216,214.9,202.4,162.2,160
784,157.9,253.5,252.1,251.6,251,244.5,233.6,231.9,231.3,230.4,221.2,164.8,219.7,216.9,216.1,215,202.6,162.2,160
785,157.9,253.6,252.1,251.7,251.1,244.6,233.7,232,231.4,230.5,221.3,164.8,219.8,217,216.2,215.1,202.7,162.2,160.1
786,157.9,253.7,252.2,251.8,251.2,244.6,233.8,232.1,231.5,230.6,221.4,164.8,219.9,217.1,216.3,215.2,202.9,162.3,160.1
787,157.9,253.8,252.3,251.9,251.2,244.7,233.9,232.2,231.6,230.7,221.5,164.9,220,217.2,216.4,215.4,203.1,162.3,160.1
788,157.9,253.8,252.4,251.9,251.3,244.8,234,232.3,231.7,230.8,221.6,164.9,220.1,217.3,216.5,215.5,203.2,162.3,160.1
789,157.9,253.9,252.5,252,251.4,244.9,234.1,232.4,231.8,230.9,221.7,164.9,220.2,217.5,216.7,215.6,203.4,162.3,160.2
790,157.9,254,252.6,252.1,251.5,245,234.2,232.5,231.9,231,221.8,165,220.3,217.6,216.8,215.7,203.5,162.4,160.2
791,157.9,254.1,252.6,252.2,251.6,245.1,234.3,232.6,232,231.1,221.9,165,220.4,217.7,216.9,215.8,203.7,162.4,160.2
792,158,254.2,252.7,252.3,251.6,245.1,234.4,232.7,232.1,231.2,222,165,220.5,217.8,217,215.9,203.9,162.4,160.2
793,158,254.3,252.8,252.4,251.7,245.2,234.5,232.8,232.2,231.3,222.1,165.1,220.6,217.9,217.1,216.1,204,162.5,160.2
794,158,254.3,252.9,252.4,251.8,245.3,234.6,232.9,232.3,231.4,222.2,165.1,220.7,218,217.2,216.2,204.2,162.5,160.3
795,158,254.4,253,252.5,251.9,245.4,234.7,233,232.4,231.5,222.4,165.1,220.8,218.1,217.3,216.3,204.3,162.5,160.3
796,158,254.5,253,252.6,252,245.5,234.8,233.1,232.5,231.6,222.5,165.2,220.9,218.2,217.5,216.4,204.5,162.5,160.3
797,158,254.6,253.1,252.7,252.1,245.5,234.9,233.2,232.6,231.7,222.6,165.2,221,218.3,217.6,216.5,204.6,162.6,160.3
798,158,254.7,253.2,252.8,252.1,245.6,235,233.3,232.7,231.8,222.7,165.2,221.1,218.5,217.7,216.6,204.8,162.6,160.4
799,158,254.7,253.3,252.8,252.2,245.7,235.1,233.4,232.8,231.9,222.8,165.2,221.2,218.6,217.8,216.8,204.9,162.6,160.4
800,158,254.8,253.4,252.9,252.3,245.8,235.2,233.5,232.9,232,222.9,165.3,221.3,218.7,217.9,216.9,205.1,162.6,160.4
801,158.1,254.9,253.4,253,252.4,245.9,235.3,233.6,233,232.1,223,165.3,221.4,218.8,218,217,205.2,162.7,160.4
802,158.1,255,253.5,253.1,252.5,245.9,235.4,233.7,233.1,232.2,223.1,165.3,221.5,218.9,218.1,217.1,205.4,162.7,160.5
803,158.1,255.1,253.6,253.2,252.5,246,235.5,233.8,233.2,232.3,223.2,165.4,221.6,219,218.3,217.2,205.5,162.7,160.5
804,158.1,255.2,253.7,253.2,252.6,246.1,235.5,233.9,233.3,232.4,223.3,165.4,221.7,219.1,218.4,217.3,205.7,162.8,160.5
805,158.1,255.2,253.8,253.3,252.7,246.2,235.6,234,233.4,232.5,223.4,165.4,221.8,219.2,218.5,217.5,205.8,162.8,160.5
806,158.1,255.3,253.9,253.4,252.8,246.3,235.7,234.1,233.5,232.6,223.5,165.5,221.9,219.3,218.6,217.6,205.9,162.8,160.5
807,158.1,255.4,253.9,253.5,252.9,246.4,235.8,234.2,233.6,232.7,223.6,165.5,222,219.5,218.7,217.7,206.1,162.8,160.6
808,158.1,255.5,254,253.6,253,246.4,235.9,234.3,233.7,232.8,223.7,165.5,222.1,219.6,218.8,217.8,206.2,162.9,160.6
809,158.1,255.6,254.1,253.7,253,246.5,236,234.4,233.8,232.9,223.9,165.6,222.2,219.7,218.9,217.9,206.4,162.9,160.6
810,158.1,255.6,254.2,253.7,253.1,246.6,236.1,234.5,233.9,233,224,165.6,222.3,219.8,219,218,206.5,162.9,160.6
811,158.2,255.7,254.3,253.8,253.2,246.7,236.2,234.6,234,233.1,224.1,165.6,222.4,219.9,219.1,218.1,206.7,163,160.7
812,158.2,255.8,254.3,253.9,253.3,246.8,236.3,234.7,234.1,233.2,224.2,165.6,222.5,220,219.3,218.2,206.8,163,160.7
813,158.2,255.9,254.4,254,253.4,246.8,236.4,234.8,234.2,233.3,224.3,165.7,222.6,220.1,219.4,218.4,206.9,163,160.7
814,158.2,256,254.5,254.1,253.4,246.9,236.5,234.9,234.3,233.4,224.4,165.7,222.7,220.2,219.5,218.5,207.1,163,160.7
815,158.2,256,254.6,254.1,253.5,247,236.6,235,234.4,233.5,224.5,167.8,222.8,220.3,219.6,218.6,207.2,163.1,160.8
816,158.2,256.1,254.7,254.2,253.6,247.1,236.7,235.1,234.5,233.6,224.6,171.6,222.9,220.4,219.7,218.7,207.3,163.1,160.8
817,158.2,256.2,254.7,254.3,253.7,247.2,236.8,235.2,234.6,233.7,224.7,176.8,223,220.5,219.8,218.8,207.5,163.1,160.8
818,158.2,256.3,254.8,254.4,253.8,247.2,236.9,235.3,234.7,233.8,224.8,177.1,223.1,220.7,219.9,218.9,207.6,163.1,160.8
819,158.2,256.4,254.9,254.5,253.8,247.3,237,235.4,234.8,233.9,224.9,177.4,223.2,220.8,220,219,207.8,163.2,160.8
820,158.3,256.4,255,254.5,253.9,247.4,237.1,235.5,234.9,234,225,177.7,223.3,220.9,220.1,219.1,207.9,163.2,160.9
821,158.3,256.5,255.1,254.6,254,247.5,237.2,235.6,235,234.1,225.1,178,223.3,221,220.2,219.3,208,163.2,160.9
822,158.3,256.6,255.1,254.7,254.1,247.6,237.3,235.7,235.1,234.2,225.2,178.3,223.4,221.1,220.4,219.4,208.2,163.3,160.9
823,158.3,256.7,255.2,254.8,254.2,247.6,237.3,235.8,235.2,234.3,225.3,178.6,223.5,221.2,220.5,219.5,208.3,163.3,160.9
824,158.3,256.8,255.3,254.9,254.3,247.7,237.4,235.9,235.3,234.4,225.4,178.9,223.6,221.3,220.6,219.6,208.4,163.3,161
825,158.3,256.9,255.4,254.9,254.3,247.8,237.5,236,235.4,234.5,225.5,179.2,223.7,221.4,220.7,219.7,208.6,163.3,161
826,158.3,256.9,255.5,255,254.4,247.9,237.6,236.1,235.5,234.6,225.7,179.5,223.8,221.5,220.8,219.8,208.7,163.4,161
827,158.3,257,255.5,255.1,254.5,248,237.7,236.2,235.6,234.7,225.8,179.8,223.9,221.6,220.9,219.9,208.8,163.4,161
828,158.3,257.1,255.6,255.2,254.6,248,237.8,236.3,235.7,234.8,225.9,180.1,224,221.7,221,220,209,163.4,161.1
829,158.3,257.2,255.7,255.3,254.7,248.1,237.9,236.4,235.8,234.9,226,180.4,224.1,221.8,221.1,220.1,209.1,163.4,161.1
830,158.4,257.3,255.8,255.3,254.7,248.2,238,236.5,235.9,235,226.1,180.7,224.2,221.9,221.2,220.2,209.2,163.5,161.1
831,158.4,257.3,255.9,255.4,254.8,248.3,238.1,236.6,236,235.1,226.2,181,224.3,222,221.3,220.4,209.4,163.5,161.1
832,158.4,257.4,255.9,255.5,254.9,248.4,238.2,236.6,236.1,235.2,226.3,181.3,224.4,222.2,221.4,220.5,209.5,163.5,161.1
833,158.4,257.5,256,255.6,255,248.5,238.3,236.7,236.2,235.3,226.4,182.2,224.5,222.3,221.5,220.6,209.6,163.6,161.2
834,158.4,257.6,256.1,255.7,255.1,248.5,238.4,236.8,236.2,235.4,226.5,183,224.6,222.4,221.6,220.7,209.8,163.6,161.2
835,158.4,257.7,256.2,255.7,255.1,248.6,238.5,236.9,236.3,235.5,226.6,183.8,224.7,222.5,221.8,220.8,209.9,163.6,161.2
836,158.4,257.7,256.2,255.8,255.2,248.7,238.6,237,236.4,235.6,226.7,184.5,224.8,222.6,221.9,220.9,210,163.6,161.2
837,158.4,257.8,256.3,255.9,255.3,248.8,238.7,237.1,236.5,235.7,226.8,185.2,224.9,222.7,222,221,210.2,163.7,161.3
838,158.4,257.9,256.4,256,255.4,248.9,238.7,237.2,236.6,235.8,226.9,185.8,225,222.8,222.1,221.1,210.3,163.7,161.3
839,158.5,258,256.5,256.1,255.5,248.9,238.8,237.3,236.7,235.9,227,186.5,225.1,222.9,222.2,221.2,210.4,163.7,161.3
840,158.5,258.1,256.6,256.1,255.5,249,238.9,237.4,236.8,236,227.1,187.1,225.2,223,222.3,221.3,210.5,163.8,161.3
841,158.5,258.1,256.6,256.2,255.6,249.1,239,237.5,236.9,236.1,227.2,187.6,225.3,223.1,222.4,221.4,210.7,163.8,161.3
842,158.5,258.2,256.7,256.3,255.7,249.2,239.1,237.6,237,236.2,227.3,188.1,225.4,223.2,222.5,221.6,210.8,163.8,161.4
843,158.5,258.3,256.8,256.4,255.8,249.3,239.2,237.7,237.1,236.3,227.4,188.6,225.5,223.3,222.6,221.7,210.9,163.8,161.4
844,158.5,258.4,256.9,256.4,255.9,249.4,239.3,237.8,237.2,236.4,227.5,189.1,225.6,223.4,222.7,221.8,211.1,163.9,161.4
845,158.5,258.5,257,256.5,255.9,249.4,239.4,237.9,237.3,236.5,227.6,189.6,225.7,223.5,222.8,221.9,211.2,163.9,161.4
846,158.5,258.5,257,256.6,256,249.5,239.5,238,237.4,236.6,227.8,190.1,225.8,223.6,222.9,222,211.3,163.9,161.5
847,158.5,258.6,257.1,256.7,256.1,249.6,239.6,238.1,237.5,236.7,227.9,190.5,225.9,223.7,223,222.1,211.4,163.9,161.5
848,158.5,258.7,257.2,256.8,256.2,249.7,239.7,238.2,237.6,236.8,228,190.9,226,223.8,223.1,222.2,211.6,164,161.5
849,158.6,258.8,257.3,256.8,256.2,249.8,239.7,238.3,237.7,236.9,228.1,191.3,226.1,223.9,223.2,222.3,211.7,164,161.5
850,158.6,258.8,257.4,256.9,256.3,249.8,239.8,238.4,237.8,237,228.2,191.7,226.2,224,223.4,222.4,211.8,164,161.6
851,158.6,258.9,257.4,257,256.4,249.9,239.9,238.5,237.9,237.1,228.3,192.1,226.3,224.1,223.5,222.5,212,164.1,161.6
852,158.6,259,257.5,257.1,256.5,250,240,238.6,238,237.2,228.4,192.5,226.4,224.3,223.6,222.6,212.1,164.1,161.6
853,158.6,259.1,257.6,257.2,256.6,250.1,240.1,238.7,238.1,237.3,228.5,192.9,226.5,224.4,223.7,222.7,212.2,164.1,161.6
854,158.6,259.2,257.7,257.2,256.6,250.2,240.2,238.7,238.2,237.4,228.6,193.2,226.6,224.5,223.8,222.8,212.3,164.1,161.6
855,158.6,259.2,257.7,257.3,256.7,250.3,240.3,238.8,238.3,237.5,228.7,193.6,226.7,224.6,223.9,222.9,212.5,164.2,161.7
856,158.6,259.3,257.8,257.4,256.8,250.3,240.4,238.9,238.4,237.6,228.8,193.9,226.8,224.7,224,223.1,212.6,164.2,161.7
857,158.6,259.4,257.9,257.5,256.9,250.4,240.5,239,238.5,237.7,228.9,194.2,226.8,224.8,224.1,223.2,212.7,164.2,161.7
858,158.6,259.5,258,257.6,257,250.5,240.6,239.1,238.6,237.8,229,194.5,226.9,224.9,224.2,223.3,212.8,164.2,161.7
859,158.7,259.6,258.1,257.6,257,250.6,240.6,239.2,238.6,237.9,229.1,194.9,227,225,224.3,223.4,213,164.3,161.8
860,158.7,259.6,258.1,257.7,257.1,250.7,240.7,239.3,238.7,238,229.2,195.2,227.1,225.1,224.4,223.5,213.1,164.3,161.8
861,158.7,259.7,258.2,257.8,257.2,250.8,240.8,239.4,238.8,238.1,229.3,195.5,227.2,225.2,224.5,223.6,213.2,164.3,161.8
862,158.7,259.8,258.3,257.9,257.3,250.8,240.9,239.5,238.9,238.1,229.4,195.8,227.3,225.3,224.6,223.7,213.3,164.4,161.8
863,158.7,259.9,258.4,257.9,257.4,250.9,241,239.6,239,238.2,229.5,196,227.4,225.4,224.7,223.8,213.5,164.4,161.8
864,158.7,260,258.4,258,257.4,251,241.1,239.7,239.1,238.3,229.6,196.3,227.5,225.5,224.8,223.9,213.6,164.4,161.9
865,158.7,260,258.5,258.1,257.5,251.1,241.2,239.8,239.2,238.4,229.7,196.6,227.6,225.6,224.9,224,213.7,164.4,161.9
866,158.7,260.1,258.6,258.2,257.6,251.2,241.3,239.9,239.3,238.5,229.8,196.9,227.7,225.7,225,224.1,213.8,164.5,161.9
867,158.7,260.2,258.7,258.3,257.7,251.3,241.4,240,239.4,238.6,229.9,197.1,227.8,225.8,225.1,224.2,214,164.5,161.9
868,158.7,260.3,258.8,258.3,257.7,251.3,241.4,240,239.5,238.7,230,197.4,227.9,225.9,225.2,224.3,214.1,164.5,162
869,158.8,260.4,258.8,258.4,257.8,251.4,241.5,240.1,239.6,238.8,230.2,197.6,228,226,225.3,224.4,214.2,164.5,162
870,158.8,260.4,258.9,258.5,257.9,251.5,241.6,240.2,239.7,238.9,230.3,197.9,228.1,226.1,225.4,224.5,214.3,164.6,162
871,158.8,260.5,259,258.6,258,251.6,241.7,240.3,239.8,239,230.4,198.1,228.2,226.2,225.6,224.6,214.5,164.6,162
872,158.8,260.6,259.1,258.6,258.1,251.7,241.8,240.4,239.9,239.1,230.5,198.4,228.3,226.3,225.7,224.7,214.6,164.6,162.1
873,158.8,260.7,259.1,258.7,258.1,251.8,241.9,240.5,240,239.2,230.6,198.6,228.4,226.4,225.8,224.8,214.7,164.7,162.1
874,158.8,260.7,259.2,258.8,258.2,251.8,242,240.6,240,239.3,230.7,198.8,228.5,226.5,225.9,224.9,214.8,164.7,162.1
875,158.8,260.8,259.3,258.9,258.3,251.9,242.1,240.7,240.1,239.4,230.8,199.1,228.6,226.6,226,225.1,215,164.7,162.1
876,158.8,260.9,259.4,259,258.4,252,242.1,240.8,240.2,239.5,230.9,199.3,228.7,226.7,226.1,225.2,215.1,164.7,162.1
877,158.8,261,259.5,259,258.5,252.1,242.2,240.9,240.3,239.6,231,199.5,228.8,226.8,226.2,225.3,215.2,164.8,162.2
878,158.8,261.1,259.5,259.1,258.5,252.2,242.3,241,240.4,239.7,231.1,199.7,228.9,226.9,226.3,225.4,215.3,164.8,162.2
879,158.9,261.1,259.6,259.2,258.6,252.2,242.4,241,240.5,239.7,231.2,199.9,229,227.1,226.4,225.5,215.4,164.8,162.2
880,158.9,261.2,259.7,259.3,258.7,252.3,242.5,241.1,240.6,239.8,231.3,200.2,229.1,227.2,226.5,225.6,215.6,164.8,162.2
881,158.9,261.3,259.8,259.3,258.8,252.4,242.6,241.2,240.7,239.9,231.4,200.4,229.2,227.3,226.6,225.7,215.7,164.9,162.3
882,158.9,261.4,259.8,259.4,258.8,252.5,242.7,241.3,240.8,240,231.5,200.6,229.3,227.4,226.7,225.8,215.8,164.9,162.3
883,158.9,261.5,259.9,259.5,258.9,252.6,242.7,241.4,240.9,240.1,231.6,200.8,229.4,227.5,226.8,225.9,215.9,164.9,162.3
884,158.9,261.5,260,259.6,259,252.7,242.8,241.5,241,240.2,231.7,201,229.5,227.6,226.9,226,216,165,162.3
885,158.9,261.6,260.1,259.7,259.1,252.7,242.9,241.6,241,240.3,231.8,201.2,229.6,227.7,227,226.1,216.2,165,162.3
886,158.9,261.7,260.2,259.7,259.2,252.8,243,241.7,241.1,240.4,231.9,201.4,229.7,227.8,227.1,226.2,216.3,165,162.4
887,158.9,261.8,260.2,259.8,259.2,252.9,243.1,241.8,241.2,240.5,232,201.6,229.8,227.9,227.2,226.3,216.4,165,162.4
888,158.9,261.8,260.3,259.9,259.3,253,243.2,241.8,241.3,240.6,232.1,201.7,229.9,228,227.3,226.4,216.5,165.1,162.4
889,159,261.9,260.4,260,259.4,253.1,243.3,241.9,241.4,240.7,232.2,201.9,230,228.1,227.4,226.5,216.6,165.1,162.4
890,159,262,260.5,260,259.5,253.2,243.3,242,241.5,240.8,232.3,202.1,230.1,228.2,227.5,226.6,216.8,165.1,162.5
891,159,262.1,260.5,260.1,259.5,253.2,243.4,242.1,241.6,240.9,232.4,202.3,230.2,228.3,227.6,226.7,216.9,165.1,162.5
892,159,262.2,260.6,260.2,259.6,253.3,243.5,242.2,241.7,240.9,232.5,202.5,230.3,228.4,227.7,226.8,217,165.2,162.5
893,159,262.2,260.7,260.3,259.7,253.4,243.6,242.3,241.8,241,232.6,202.7,230.4,228.5,227.8,226.9,217.1,165.2,162.5
894,159,262.3,260.8,260.4,259.8,253.5,243.7,242.4,241.9,241.1,232.7,202.8,230.4,228.6,227.9,227,217.2,165.2,162.5
895,159,262.4,260.8,260.4,259.9,253.6,243.8,242.5,241.9,241.2,232.8,203,230.5,228.7,228,227.1,217.3,165.3,162.6
896,159,262.5,260.9,260.5,259.9,253.6,243.8,242.5,242,241.3,232.9,203.2,230.6,228.8,228.1,227.2,217.5,165.3,162.6
897,159,262.5,261,260.6,260,253.7,243.9,242.6,242.1,241.4,233,203.4,230.7,228.9,228.2,227.3,217.6,165.3,162.6
898,159,262.6,261.1,260.7,260.1,253.8,244,242.7,242.2,241.5,233.1,203.5,230.8,229,228.3,227.4,217.7,165.3,162.6
899,159.1,262.7,261.2,260.7,260.2,253.9,244.1,242.8,242.3,241.6,233.2,203.7,230.9,229.1,228.4,227.5,217.8,165.4,162.7
900,159.1,262.8,261.2,260.8,260.2,254,244.2,242.9,242.4,241.7,233.4,203.9,231,229.2,228.5,227.7,217.9,165.4,162.7
901,159.1,262.9,261.3,260.9,260.3,254.1,244.3,243,242.5,241.8,233.5,204,231.1,229.3,228.7,227.8,218,165.4,162.7
902,159.1,262.9,261.4,261,260.4,254.1,244.3,243.1,242.6,241.8,233.6,204.2,231.2,229.4,228.8,227.9,218.2,165.4,162.7
903,159.1,263,261.5,261,260.5,254.2,244.4,243.1,242.6,241.9,233.7,204.4,231.3,229.5,228.9,228,218.3,165.5,162.7
904,159.1,263.1,261.5,261.1,260.5,254.3,244.5,243.2,242.7,242,233.8,204.5,231.4,229.6,229,228.1,218.4,165.5,162.8
905,159.1,263.2,261.6,261.2,260.6,254.4,244.6,243.3,242.8,242.1,233.9,204.7,231.5,229.7,229.1,228.2,218.5,165.5,162.8
906,159.1,263.2,261.7,261.3,260.7,254.5,244.7,243.4,242.9,242.2,234,204.8,231.6,229.8,229.2,228.3,218.6,165.6,162.8
907,159.1,263.3,261.8,261.4,260.8,254.5,244.8,243.5,243,242.3,234.1,205,231.7,229.9,229.3,228.4,218.7,165.6,162.8
908,159.1,263.4,261.8,261.4,260.9,254.6,244.8,243.6,243.1,242.4,234.2,205.2,231.8,230,229.4,228.5,218.9,165.6,162.9
909,159.2,263.5,261.9,261.5,260.9,254.7,244.9,243.7,243.2,242.5,234.3,205.3,231.9,230.1,229.5,228.6,219,165.6,162.9
910,159.2,263.6,262,261.6,261,254.8,245,243.7,243.2,242.5,234.4,205.5,232,230.2,229.6,228.7,219.1,165.7,162.9
911,159.2,263.6,262.1,261.7,261.1,254.9,245.1,243.8,243.3,242.6,234.5,205.6,232.1,230.3,229.7,228.8,219.2,165.7,162.9
912,159.2,263.7,262.1,261.7,261.2,254.9,245.2,243.9,243.4,242.7,234.6,205.8,232.2,230.4,229.8,228.9,219.3,165.7,162.9
913,159.2,263.8,262.2,261.8,261.2,255,245.2,244,243.5,242.8,234.7,205.9,232.3,230.5,229.9,229,219.4,165.7,163
914,159.2,263.9,262.3,261.9,261.3,255.1,245.3,244.1,243.6,242.9,234.8,206.1,232.4,230.6,230,229.1,219.5,165.8,163
915,159.2,263.9,262.4,262,261.4,255.2,245.4,244.2,243.7,243,234.9,206.2,232.5,230.7,230.1,229.2,219.7,165.8,163
916,159.2,264,262.5,262,261.5,255.3,245.5,244.2,243.8,243.1,235,206.4,232.6,230.8,230.2,229.3,219.8,165.8,163
917,159.2,264.1,262.5,262.1,261.5,255.3,245.6,244.3,243.8,243.2,235.1,206.5,232.7,230.9,230.3,229.4,219.9,165.9,163.1
918,159.2,264.2,262.6,262.2,261.6,255.4,245.6,244.4,243.9,243.2,235.2,206.7,232.8,231,230.4,229.5,220,165.9,163.1
919,159.2,264.3,262.7,262.3,261.7,255.5,245.7,244.5,244,243.3,235.3,206.8,232.9,231.1,230.5,229.6,220.1,165.9,163.1
920,159.3,264.3,262.8,262.3,261.8,255.6,245.8,244.6,244.1,243.4,235.4,207,233,231.2,230.6,229.7,220.2,165.9,163.1
921,159.3,264.4,262.8,262.4,261.9,255.7,245.9,244.7,244.2,243.5,235.5,207.1,233.1,231.3,230.7,229.8,220.3,166,163.2
922,159.3,264.5,262.9,262.5,261.9,255.8,246,244.7,244.3,243.6,235.6,207.3,233.2,231.5,230.8,229.9,220.4,166,163.2
923,159.3,264.6,263,262.6,262,255.8,246,244.8,244.3,243.7,235.7,207.4,233.3,231.6,230.9,230,220.6,166,163.2
924,159.3,264.6,263.1,262.7,262.1,255.9,246.1,244.9,244.4,243.8,235.8,207.6,233.4,231.7,231,230.1,220.7,166.1,163.2
925,159.3,264.7,263.1,262.7,262.2,256,246.2,245,244.5,243.8,235.9,207.7,233.5,231.8,231.1,230.2,220.8,166.1,163.2
926,159.3,264.8,263.2,262.8,262.2,256.1,246.3,245.1,244.6,243.9,236,207.8,233.6,231.9,231.2,230.3,220.9,166.1,163.3
927,159.3,264.9,263.3,262.9,262.3,256.2,246.4,245.2,244.7,244,236.1,208,233.7,232,231.3,230.4,221,166.1,163.3
928,159.3,265,263.4,263,262.4,256.2,246.4,245.2,244.8,244.1,236.2,208.1,233.8,232.1,231.4,230.5,221.1,166.2,163.3
929,159.3,265,263.4,263,262.5,256.3,246.5,245.3,244.8,244.2,236.3,208.3,233.9,232.2,231.5,230.6,221.2,166.2,163.3
930,159.4,265.1,263.5,263.1,262.5,256.4,246.6,245.4,244.9,244.3,236.4,208.4,233.9,232.3,231.6,230.7,221.3,166.2,163.4
931,159.4,265.2,263.6,263.2,262.6,256.5,246.7,245.5,245,244.3,236.5,208.5,234,232.4,231.7,230.8,221.4,166.2,163.4
932,159.4,265.3,263.7,263.3,262.7,256.6,246.8,245.6,245.1,244.4,236.6,208.7,234.1,232.5,231.8,230.9,221.6,166.3,163.4
933,159.4,265.3,263.7,263.3,262.8,256.6,246.8,245.6,245.2,244.5,236.7,208.8,234.2,232.6,231.9,231,221.7,166.3,163.4
934,159.4,265.4,263.8,263.4,262.8,256.7,246.9,245.7,245.3,244.6,236.8,209,234.3,232.7,232,231.1,221.8,166.3,163.4
935,159.4,265.5,263.9,263.5,262.9,256.8,247,245.8,245.3,244.7,236.9,209.1,234.4,232.8,232.1,231.3,221.9,166.4,163.5
936,159.4,265.6,264,263.6,263,256.9,247.1,245.9,245.4,244.8,237,209.2,234.5,232.9,232.2,231.4,222,166.4,163.5
937,159.4,265.7,264.1,263.6,263.1,256.9,247.2,246,245.5,244.8,237.1,209.4,234.6,233,232.3,231.5,222.1,166.4,163.5
938,159.4,265.7,264.1,263.7,263.2,257,247.2,246,245.6,244.9,237.2,209.5,234.7,233.1,232.4,231.6,222.2,166.4,163.5
939,159.4,265.8,264.2,263.8,263.2,257.1,247.3,246.1,245.7,245,237.3,209.6,234.8,233.2,232.5,231.7,222.3,166.5,163.5
940,159.4,265.9,264.3,263.9,263.3,257.2,247.4,246.2,245.7,245.1,237.4,209.8,234.9,233.3,232.6,231.8,222.4,166.5,163.6
941,159.5,266,264.4,263.9,263.4,257.3,247.5,246.3,245.8,245.2,237.5,209.9,235,233.4,232.7,231.9,222.5,166.5,163.6
942,159.5,266,264.4,264,263.5,257.3,247.5,246.4,245.9,245.3,237.6,210,235.1,233.5,232.8,232,222.7,166.5,163.6
943,159.5,266.1,264.5,264.1,263.5,257.4,247.6,246.4,246,245.3,237.7,210.2,235.2,233.6,232.9,232.1,222.8,166.6,163.6
944,159.5,266.2,264.6,264.2,263.6,257.5,247.7,246.5,246.1,245.4,237.8,210.3,235.3,233.7,233,232.2,222.9,166.6,163.7
945,159.5,266.3,264.7,264.2,263.7,257.6,247.8,246.6,246.1,245.5,237.9,210.4,235.4,233.8,233.1,232.3,223,166.6,163.7
946,159.5,266.3,264.7,264.3,263.8,257.7,247.9,246.7,246.2,245.6,238,210.6,235.5,233.9,233.2,232.4,223.1,166.7,163.7
947,159.5,266.4,264.8,264.4,263.8,257.7,247.9,246.8,246.3,245.7,238.1,210.7,235.6,234,233.3,232.5,223.2,166.7,163.7
948,159.5,266.5,264.9,264.5,263.9,257.8,248,246.8,246.4,245.8,238.2,210.8,235.7,234.1,233.4,232.6,223.3,166.7,163.7
949,159.5,266.6,265,264.6,264,257.9,248.1,246.9,246.5,245.8,238.3,211,235.8,234.2,233.5,232.7,223.4,166.7,163.8
950,159.5,266.7,265,264.6,264.1,258,248.2,247,246.5,245.9,238.4,211.1,235.9,234.3,233.6,232.8,223.5,166.8,163.8
951,159.5,266.7,265.1,264.7,264.1,258.1,248.3,247.1,246.6,246,238.5,211.2,236,234.4,233.7,232.9,223.6,166.8,163.8
952,159.6,266.8,265.2,264.8,264.2,258.1,248.3,247.2,246.7,246.1,238.6,211.4,236.1,234.5,233.8,233,223.7,166.8,163.8
953,159.6,266.9,265.3,264.9,264.3,258.2,248.4,247.2,246.8,246.2,238.7,211.5,236.2,234.6,233.9,233.1,223.8,166.8,163.9
954,159.6,267,265.3,264.9,264.4,258.3,248.5,247.3,246.9,246.2,238.8,211.6,236.3,234.7,234,233.2,224,166.9,163.9
955,159.6,267,265.4,265,264.4,258.4,248.6,247.4,246.9,246.3,238.9,211.8,236.4,234.8,234.1,233.3,224.1,166.9,163.9
956,159.6,267.1,265.5,265.1,264.5,258.4,248.6,247.5,247,246.4,239,211.9,236.4,234.9,234.2,233.4,224.2,166.9,163.9
957,159.6,267.2,265.6,265.2,264.6,258.5,248.7,247.6,247.1,246.5,239,212,236.5,235,234.3,233.5,224.3,167,163.9
958,159.6,267.3,265.6,265.2,264.7,258.6,248.8,247.6,247.2,246.6,239.1,212.2,236.6,235.1,234.4,233.6,224.4,167,164
959,159.6,267.4,265.7,265.3,264.7,258.7,248.9,247.7,247.3,246.6,239.2,212.3,236.7,235.2,234.5,233.7,224.5,167,164
960,159.6,267.4,265.8,265.4,264.8,258.8,249,247.8,247.3,246.7,239.3,212.4,236.8,235.3,234.6,233.8,224.6,167,164
961,159.6,267.5,265.9,265.5,264.9,258.8,249,247.9,247.4,246.8,239.4,212.6,236.9,235.4,234.7,233.9,224.7,167.1,164
962,159.6,267.6,265.9,265.5,265,258.9,249.1,247.9,247.5,246.9,239.5,212.7,237,235.5,234.8,234,224.8,167.1,164.1
963,159.7,267.7,266,265.6,265,259,249.2,248,247.6,247,239.6,212.8,237.1,235.6,234.9,234.1,224.9,167.1,164.1
964,159.7,267.7,266.1,265.7,265.1,259.1,249.3,248.1,247.7,247,239.7,212.9,237.2,235.7,235,234.2,225,167.2,164.1
965,159.7,267.8,266.2,265.8,265.2,259.2,249.4,248.2,247.7,247.1,239.8,213.1,237.3,235.8,235.1,234.3,225.1,167.2,164.1
966,159.7,267.9,266.2,265.8,265.3,259.2,249.4,248.3,247.8,247.2,239.9,213.2,237.4,235.9,235.2,234.4,225.2,167.2,164.1
967,159.7,268,266.3,265.9,265.3,259.3,249.5,248.3,247.9,247.3,240,213.3,237.5,236,235.3,234.5,225.3,167.2,164.2
968,159.7,268,266.4,266,265.4,259.4,249.6,248.4,248,247.4,240.1,213.5,237.6,236.1,235.4,234.6,225.4,167.3,164.2
969,159.7,268.1,266.5,266.1,265.5,259.5,249.7,248.5,248.1,247.4,240.2,213.6,237.7,236.2,235.5,234.7,225.6,167.3,164.2
970,159.7,268.2,266.5,266.1,265.6,259.5,249.7,248.6,248.1,247.5,240.3,213.7,237.8,236.3,235.6,234.8,225.7,167.3,164.2
971,159.7,268.3,266.6,266.2,265.7,259.6,249.8,248.7,248.2,247.6,240.4,213.8,237.9,236.3,235.7,234.9,225.8,167.3,164.3
972,159.7,268.4,266.7,266.3,265.7,259.7,249.9,248.7,248.3,247.7,240.5,214,238,236.4,235.8,235,225.9,168.3,164.3
973,159.7,268.4,266.8,266.4,265.8,259.8,250,248.8,248.4,247.8,240.6,214.1,238.1,236.5,235.9,235.1,226,172.6,164.3
974,159.8,268.5,266.8,266.4,265.9,259.9,250.1,248.9,248.4,247.8,240.7,214.2,238.2,236.6,236,235.2,226.1,177,164.3
975,159.8,268.6,266.9,266.5,266,259.9,250.1,249,248.5,247.9,240.8,214.3,238.2,236.7,236.1,235.3,226.2,179.2,164.3
976,159.8,268.7,267,266.6,266,260,250.2,249.1,248.6,248,240.9,214.5,238.3,236.8,236.2,235.4,226.3,179.4,164.4
977,159.8,268.7,267.1,266.7,266.1,260.1,250.3,249.1,248.7,248.1,241,214.6,238.4,236.9,236.3,235.5,226.4,179.6,164.4
978,159.8,268.8,267.1,266.7,266.2,260.2,250.4,249.2,248.8,248.1,241.1,214.7,238.5,237,236.4,235.6,226.5,179.8,164.4
979,159.8,268.9,267.2,266.8,266.3,260.2,250.5,249.3,248.8,248.2,241.1,214.8,238.6,237.1,236.5,235.7,226.6,180,164.4
980,159.8,269,267.3,266.9,266.3,260.3,250.5,249.4,248.9,248.3,241.2,215,238.7,237.2,236.6,235.8,226.7,180.2,164.4
981,159.8,269,267.4,267,266.4,260.4,250.6,249.4,249,248.4,241.3,215.1,238.8,237.3,236.7,235.9,226.8,180.4,164.5
982,159.8,269.1,267.4,267,266.5,260.5,250.7,249.5,249.1,248.5,241.4,215.2,238.9,237.4,236.8,236,226.9,180.6,164.5
983,159.8,269.2,267.5,267.1,266.6,260.6,250.8,249.6,249.2,248.5,241.5,215.3,239,237.5,236.9,236.1,227,180.8,164.5
984,159.8,269.3,267.6,267.2,266.6,260.6,250.9,249.7,249.2,248.6,241.6,215.5,239.1,237.6,237,236.2,227.1,181,164.5
985,159.9,269.4,267.7,267.3,266.7,260.7,250.9,249.8,249.3,248.7,241.7,215.6,239.2,237.7,237.1,236.3,227.2,181.2,164.6
986,159.9,269.4,267.8,267.3,266.8,260.8,251,249.8,249.4,248.8,241.8,215.7,239.3,237.8,237.2,236.4,227.3,181.4,164.6
987,159.9,269.5,267.8,267.4,266.9,260.9,251.1,249.9,249.5,248.9,241.9,215.8,239.4,237.9,237.3,236.5,227.5,181.6,164.6
988,159.9,269.6,267.9,267.5,266.9,260.9,251.2,250,249.6,248.9,242,216,239.5,238,237.4,236.6,227.6,181.9,164.6
989,159.9,269.7,268,267.6,267,261,251.3,250.1,249.6,249,242.1,216.1,239.6,238.1,237.5,236.7,227.7,182.1,164.6
990,159.9,269.7,268.1,267.6,267.1,261.1,251.3,250.2,249.7,249.1,242.2,216.2,239.6,238.2,237.6,236.8,227.8,182.3,164.7
991,159.9,269.8,268.1,267.7,267.2,261.2,251.4,250.2,249.8,249.2,242.3,216.3,239.7,238.3,237.7,236.9,227.9,183.7,164.7
992,159.9,269.9,268.2,267.8,267.2,261.2,251.5,250.3,249.9,249.3,242.3,216.5,239.8,238.4,237.8,237,228,184.5,164.7
993,159.9,270,268.3,267.9,267.3,261.3,251.6,250.4,250,249.3,242.4,216.6,239.9,238.5,237.9,237.1,228.1,185.2,164.7
994,159.9,270,268.4,267.9,267.4,261.4,251.7,250.5,250,249.4,242.5,216.7,240,238.6,238,237.2,228.2,185.9,164.8
995,159.9,270.1,268.4,268,267.5,261.5,251.8,250.6,250.1,249.5,242.6,216.8,240.1,238.7,238.1,237.3,228.3,186.6,164.8
996,160,270.2,268.5,268.1,267.5,261.6,251.8,250.6,250.2,249.6,242.7,217,240.2,238.8,238.2,237.4,228.4,187.2,164.8
997,160,270.3,268.6,268.2,267.6,261.6,251.9,250.7,250.3,249.7,242.8,217.1,240.3,238.9,238.3,237.5,228.5,187.8,164.8
998,160,270.3,268.7,268.2,267.7,261.7,252,250.8,250.4,249.7,242.9,217.2,240.4,239,238.4,237.6,228.6,188.4,164.8
999,160,270.4,268.7,268.3,267.8,261.8,252.1,250.9,250.4,249.8,243,217.3,240.5,239,238.5,237.7,228.7,188.9,164.9
1000,160,270.5,268.8,268.4,267.8,261.9,252.2,251,250.5,249.9,243.1,217.4,240.6,239.1,238.6,237.7,228.8,189.4,164.9
